# File generated by CMD 3.0 (http://stev.oapd.inaf.it/cmd) on Mon Jun 19 20:48:48 CEST 2017
# PARSEC isochrones, release v1.2S
# Basic references: Bressan et al. (2012), MNRAS, 427, 127 + Chen et al. (2014, 2015), MNRAS, 444, 2525 + MNRAS, 452, 1068 + Tang et al. (2014), MNRAS, 445, 4287
# Warning: you choose not to include the TP-AGB phase!
# Photometric system: Pan-STARRS1
# Using NBC version of bolometric corrections as in Chen et al. (2014), MNRAS, 444, 2525
# BCs of Carbon stars derive from Aringer et al. (2009, A&A 503, 913)
# O-rich circumstellar dust ignored
# C-rich circumstellar dust ignored
# IMF: Chabrier (2001) lognormal 
# On RGB, assumed Reimers mass loss with efficiency eta=0.2
# Kind of output: isochrone tables
#	Isochrone  Z = 0.00015	Y = 0.24900	[M/H] = -2.010	eta_R = 0.200	Age = 	1.2000e+10 yr
#      Z	log(age/yr)	M_ini   	M_act	logL/Lo	logTe	logG	mbol    gP1     rP1     iP1     zP1     yP1     wP1	int_IMF	stage
	0.000152	10.0792	0.09395929	0.0940	-3.0341	3.5160	5.4609	12.355	14.956	13.289	12.262	11.819	11.633	13.050	1.50956631	1
	0.000152	10.0792	0.10761726	0.1076	-2.6901	3.5614	5.3578	11.495	13.391	12.006	11.354	11.047	10.888	11.970	1.64205551	1
	0.000152	10.0792	0.10791858	0.1079	-2.6830	3.5624	5.3556	11.478	13.360	11.982	11.335	11.030	10.873	11.949	1.64477885	1
	0.000152	10.0792	0.12791857	0.1279	-2.4315	3.5865	5.2745	10.849	12.409	11.217	10.684	10.429	10.290	11.226	1.80957520	1
	0.000152	10.0792	0.14791857	0.1479	-2.2631	3.5988	5.2185	10.428	11.842	10.745	10.254	10.019	9.890	10.765	1.94781661	1
	0.000152	10.0792	0.17583714	0.1758	-2.0888	3.6093	5.1611	9.992	11.291	10.270	9.809	9.591	9.470	10.296	2.10752535	1
	0.000152	10.0792	0.21979643	0.2198	-1.8771	3.6208	5.0923	9.463	10.644	9.700	9.271	9.070	8.959	9.731	2.30255175	1
	0.000152	10.0792	0.26979643	0.2698	-1.6956	3.6308	5.0400	9.009	10.092	9.211	8.810	8.622	8.519	9.247	2.46790242	1
	0.000152	10.0792	0.34999999	0.3500	-1.4760	3.6445	4.9882	8.460	9.422	8.618	8.250	8.082	7.990	8.658	2.65552020	1
	0.000152	10.0792	0.40000001	0.4000	-1.3512	3.6533	4.9564	8.148	9.039	8.279	7.933	7.776	7.692	8.322	2.74133730	1
	0.000152	10.0792	0.44999999	0.4500	-1.1979	3.6680	4.9130	7.765	8.546	7.857	7.544	7.406	7.333	7.902	2.81098008	1
	0.000152	10.0792	0.50000000	0.4999	-1.0269	3.6850	4.8556	7.337	8.008	7.393	7.116	6.998	6.939	7.440	2.86847806	1
	0.000152	10.0792	0.55000001	0.5499	-0.8215	3.7051	4.7722	6.824	7.384	6.848	6.611	6.516	6.472	6.897	2.91663504	1
	0.000152	10.0792	0.60000002	0.5998	-0.6118	3.7305	4.7016	6.299	6.751	6.303	6.112	6.044	6.018	6.353	2.95739889	1
	0.000152	10.0792	0.60741419	0.6072	-0.5790	3.7348	4.6917	6.218	6.654	6.220	6.037	5.972	5.949	6.269	2.96291947	1
	0.000152	10.0792	0.61854273	0.6183	-0.5294	3.7414	4.6763	6.094	6.508	6.095	5.922	5.864	5.846	6.143	2.97097826	1
	0.000152	10.0792	0.62845725	0.6282	-0.4848	3.7472	4.6619	5.982	6.378	5.983	5.821	5.768	5.753	6.031	2.97793794	1
	0.000152	10.0792	0.63808125	0.6378	-0.4412	3.7528	4.6472	5.873	6.253	5.874	5.721	5.674	5.663	5.922	2.98450136	1
	0.000152	10.0792	0.64941829	0.6492	-0.3892	3.7593	4.6287	5.743	6.104	5.746	5.604	5.563	5.556	5.793	2.99199128	1
	0.000152	10.0792	0.64999998	0.6497	-0.3866	3.7596	4.6278	5.736	6.096	5.739	5.598	5.558	5.551	5.787	2.99236870	1
	0.000152	10.0792	0.65885520	0.6586	-0.3452	3.7644	4.6115	5.633	5.981	5.637	5.504	5.468	5.464	5.685	2.99803519	1
	0.000152	10.0792	0.66906446	0.6688	-0.2966	3.7699	4.5914	5.511	5.846	5.518	5.393	5.363	5.362	5.565	3.00438762	1
	0.000152	10.0792	0.67877614	0.6784	-0.2493	3.7750	4.5708	5.393	5.717	5.404	5.287	5.260	5.262	5.450	3.01025820	1
	0.000152	10.0792	0.68804765	0.6877	-0.2028	3.7798	4.5495	5.277	5.591	5.291	5.182	5.160	5.164	5.337	3.01571298	1
	0.000152	10.0792	0.69627571	0.6959	-0.1601	3.7841	4.5288	5.170	5.475	5.192	5.091	5.074	5.080	5.237	3.02043581	1
	0.000152	10.0792	0.69999999	0.6996	-0.1405	3.7860	4.5191	5.121	5.421	5.147	5.050	5.034	5.041	5.191	3.02253795	1
	0.000152	10.0792	0.70807022	0.7076	-0.0961	3.7898	4.4953	5.010	5.301	5.043	4.954	4.942	4.951	5.085	3.02701998	1
	0.000152	10.0792	0.71658438	0.7161	-0.0470	3.7939	4.4676	4.888	5.168	4.925	4.844	4.836	4.847	4.967	3.03164220	1
	0.000152	10.0792	0.72406024	0.7235	-0.0016	3.7974	4.4408	4.774	5.046	4.816	4.741	4.737	4.749	4.856	3.03561401	1
	0.000152	10.0792	0.73300922	0.7324	0.0559	3.8015	4.4049	4.630	4.891	4.675	4.608	4.608	4.622	4.714	3.04026508	1
	0.000152	10.0792	0.73979878	0.7391	0.1028	3.8045	4.3740	4.513	4.767	4.559	4.496	4.500	4.515	4.598	3.04372096	1
	0.000152	10.0792	0.74800092	0.7473	0.1641	3.8079	4.3312	4.360	4.604	4.407	4.350	4.357	4.373	4.445	3.04781461	1
	0.000152	10.0792	0.75000000	0.7493	0.1795	3.8087	4.3202	4.321	4.564	4.368	4.313	4.321	4.338	4.406	3.04879928	1
	0.000152	10.0792	0.75135779	0.7506	0.1899	3.8094	4.3130	4.295	4.536	4.342	4.288	4.296	4.314	4.380	3.04946518	1
	0.000152	10.0792	0.75943357	0.7586	0.2592	3.8128	4.2618	4.122	4.353	4.169	4.121	4.133	4.151	4.206	3.05337763	1
	0.000152	10.0792	0.76479173	0.7639	0.3093	3.8147	4.2225	3.997	4.221	4.044	3.999	4.013	4.032	4.080	3.05592942	1
	0.000152	10.0792	0.76987141	0.7689	0.3594	3.8161	4.1809	3.872	4.090	3.918	3.876	3.892	3.911	3.954	3.05831671	1
	0.000152	10.0792	0.77402401	0.7730	0.4036	3.8167	4.1414	3.761	3.977	3.806	3.766	3.783	3.802	3.842	3.06024575	1
	0.000152	10.0792	0.77845144	0.7773	0.4579	3.8156	4.0850	3.625	3.840	3.669	3.627	3.643	3.661	3.705	3.06228042	1
	0.000152	10.0792	0.78213781	0.7809	0.5099	3.8127	4.0233	3.495	3.714	3.536	3.490	3.504	3.521	3.572	3.06395745	1
	0.000152	10.0792	0.78352082	0.7823	0.5311	3.8111	3.9965	3.442	3.664	3.482	3.434	3.446	3.462	3.518	3.06458282	2
	0.000152	10.0792	0.78467286	0.7834	0.5519	3.8085	3.9663	3.390	3.616	3.428	3.376	3.386	3.401	3.465	3.06510210	2
	0.000152	10.0792	0.78655612	0.7852	0.5891	3.8030	3.9080	3.297	3.533	3.333	3.272	3.276	3.288	3.370	3.06594753	2
	0.000152	10.0792	0.78802341	0.7866	0.6230	3.7962	3.8476	3.212	3.463	3.243	3.171	3.169	3.178	3.282	3.06660366	2
	0.000152	10.0792	0.78919828	0.7877	0.6543	3.7882	3.7848	3.134	3.406	3.159	3.073	3.062	3.068	3.200	3.06712723	2
	0.000152	10.0792	0.79016984	0.7887	0.6833	3.7793	3.7208	3.062	3.359	3.079	2.977	2.958	2.960	3.122	3.06755924	2
	0.000152	10.0792	0.79101121	0.7895	0.7115	3.7706	3.6583	2.991	3.310	3.005	2.889	2.862	2.860	3.050	3.06793237	2
	0.000152	10.0792	0.79176277	0.7902	0.7411	3.7624	3.5962	2.917	3.257	2.931	2.802	2.767	2.759	2.976	3.06826496	2
	0.000152	10.0792	0.79236138	0.7907	0.7715	3.7561	3.5408	2.841	3.199	2.855	2.716	2.675	2.664	2.901	3.06852961	2
	0.000152	10.0792	0.79296303	0.7913	0.8100	3.7504	3.4800	2.745	3.119	2.760	2.611	2.564	2.550	2.805	3.06879497	2
	0.000152	10.0792	0.79345340	0.7917	0.8487	3.7466	3.4262	2.648	3.035	2.664	2.509	2.458	2.441	2.710	3.06901121	2
	0.000152	10.0792	0.79371154	0.7920	0.8708	3.7448	3.3970	2.593	2.985	2.609	2.452	2.399	2.381	2.655	3.06912494	3
	0.000152	10.0792	0.79401892	0.7922	0.9007	3.7431	3.3605	2.518	2.915	2.535	2.375	2.320	2.301	2.581	3.06926012	3
	0.000152	10.0792	0.79442197	0.7926	0.9416	3.7410	3.3114	2.416	2.820	2.434	2.270	2.213	2.192	2.480	3.06943727	3
	0.000152	10.0792	0.79482806	0.7929	0.9854	3.7391	3.2601	2.306	2.716	2.325	2.158	2.099	2.077	2.371	3.06961560	3
	0.000152	10.0792	0.79521698	0.7932	1.0301	3.7374	3.2089	2.195	2.610	2.214	2.045	1.984	1.961	2.261	3.06978631	3
	0.000152	10.0792	0.79563034	0.7936	1.0809	3.7356	3.1513	2.068	2.490	2.089	1.917	1.854	1.829	2.135	3.06996727	3
	0.000152	10.0792	0.79597723	0.7938	1.1264	3.7341	3.0999	1.954	2.381	1.976	1.802	1.737	1.712	2.022	3.07011914	3
	0.000152	10.0792	0.79632813	0.7941	1.1763	3.7326	3.0441	1.829	2.261	1.853	1.676	1.610	1.583	1.899	3.07027268	3
	0.000152	10.0792	0.79667246	0.7943	1.2295	3.7310	2.9845	1.696	2.134	1.721	1.541	1.474	1.446	1.767	3.07042313	3
	0.000152	10.0792	0.79695040	0.7944	1.2763	3.7295	2.9318	1.579	2.021	1.605	1.423	1.354	1.325	1.651	3.07054448	3
	0.000152	10.0792	0.79721850	0.7946	1.3255	3.7280	2.8768	1.456	1.903	1.483	1.299	1.228	1.198	1.529	3.07066154	3
	0.000152	10.0792	0.79745930	0.7947	1.3737	3.7266	2.8228	1.336	1.788	1.363	1.177	1.105	1.074	1.410	3.07076669	3
	0.000152	10.0792	0.79767752	0.7947	1.4212	3.7250	2.7692	1.217	1.675	1.246	1.057	0.984	0.951	1.292	3.07086158	3
	0.000152	10.0792	0.79787272	0.7947	1.4678	3.7236	2.7166	1.101	1.564	1.131	0.939	0.865	0.831	1.177	3.07094669	3
	0.000152	10.0792	0.79805756	0.7947	1.5160	3.7220	2.6622	0.980	1.449	1.012	0.818	0.741	0.707	1.058	3.07102728	3
	0.000152	10.0792	0.79822165	0.7947	1.5629	3.7204	2.6089	0.863	1.337	0.896	0.699	0.621	0.585	0.942	3.07109857	3
	0.000152	10.0792	0.79836744	0.7946	1.6085	3.7189	2.5571	0.749	1.229	0.784	0.584	0.505	0.468	0.829	3.07116199	3
	0.000152	10.0792	0.79849952	0.7945	1.6534	3.7173	2.5061	0.637	1.123	0.673	0.472	0.390	0.352	0.719	3.07121944	3
	0.000152	10.0792	0.79862332	0.7944	1.6991	3.7157	2.4538	0.522	1.015	0.560	0.356	0.273	0.233	0.606	3.07127333	3
	0.000152	10.0792	0.79873276	0.7943	1.7432	3.7141	2.4033	0.412	0.911	0.451	0.244	0.159	0.119	0.496	3.07132077	3
	0.000152	10.0792	0.79883379	0.7941	1.7874	3.7126	2.3527	0.301	0.807	0.342	0.132	0.046	0.004	0.387	3.07136464	3
	0.000152	10.0792	0.79892653	0.7939	1.8314	3.7109	2.3021	0.191	0.704	0.233	0.020	-0.067	-0.110	0.279	3.07140493	3
	0.000152	10.0792	0.79900891	0.7937	1.8737	3.7093	2.2533	0.086	0.606	0.129	-0.087	-0.176	-0.220	0.175	3.07144070	3
	0.000152	10.0792	0.79908514	0.7934	1.9158	3.7078	2.2048	-0.020	0.508	0.025	-0.193	-0.284	-0.329	0.071	3.07147384	3
	0.000152	10.0792	0.79915828	0.7931	1.9595	3.7061	2.1542	-0.129	0.407	-0.082	-0.303	-0.396	-0.443	-0.036	3.07150555	3
	0.000152	10.0792	0.79922092	0.7928	2.0000	3.7045	2.1072	-0.230	0.313	-0.181	-0.405	-0.500	-0.548	-0.135	3.07153296	3
	0.000152	10.0792	0.79927886	0.7924	2.0401	3.7029	2.0606	-0.330	0.221	-0.279	-0.507	-0.603	-0.652	-0.234	3.07155800	3
	0.000152	10.0792	0.79933417	0.7921	2.0813	3.7013	2.0129	-0.433	0.126	-0.380	-0.611	-0.709	-0.759	-0.335	3.07158208	3
	0.000152	10.0792	0.79938251	0.7917	2.1195	3.6997	1.9678	-0.529	0.039	-0.474	-0.707	-0.808	-0.859	-0.428	3.07160306	3
	0.000152	10.0792	0.79942775	0.7912	2.1571	3.6982	1.9239	-0.623	-0.047	-0.566	-0.802	-0.904	-0.957	-0.520	3.07162261	3
	0.000152	10.0792	0.79947484	0.7907	2.1947	3.6967	1.8801	-0.717	-0.133	-0.657	-0.897	-1.001	-1.054	-0.612	3.07164311	3
	0.000152	10.0792	0.79952705	0.7900	2.2217	3.6956	1.8485	-0.784	-0.194	-0.724	-0.965	-1.070	-1.124	-0.678	3.07166576	3
	0.000152	10.0792	0.79955542	0.7897	2.2139	3.6962	1.8584	-0.765	-0.178	-0.705	-0.946	-1.050	-1.104	-0.659	3.07167792	3
	0.000152	10.0792	0.79956341	0.7895	2.2227	3.6958	1.8479	-0.787	-0.198	-0.726	-0.968	-1.072	-1.127	-0.681	3.07168150	3
	0.000152	10.0792	0.79960018	0.7890	2.2653	3.6939	1.7975	-0.893	-0.294	-0.830	-1.075	-1.182	-1.238	-0.784	3.07169747	3
	0.000152	10.0792	0.79963630	0.7884	2.3097	3.6921	1.7454	-1.004	-0.394	-0.939	-1.187	-1.296	-1.353	-0.893	3.07171297	3
	0.000152	10.0792	0.79966831	0.7877	2.3516	3.6902	1.6954	-1.109	-0.488	-1.040	-1.293	-1.404	-1.463	-0.994	3.07172680	3
	0.000152	10.0792	0.79969847	0.7870	2.3940	3.6883	1.6450	-1.215	-0.581	-1.143	-1.399	-1.513	-1.573	-1.097	3.07173991	3
	0.000152	10.0792	0.79972768	0.7861	2.4381	3.6863	1.5926	-1.325	-0.679	-1.249	-1.509	-1.626	-1.687	-1.203	3.07175255	3
	0.000152	10.0792	0.79975235	0.7853	2.4781	3.6844	1.5445	-1.425	-0.766	-1.345	-1.610	-1.728	-1.792	-1.300	3.07176328	3
	0.000152	10.0792	0.79977643	0.7844	2.5202	3.6825	1.4941	-1.531	-0.859	-1.446	-1.715	-1.836	-1.901	-1.401	3.07177377	3
	0.000152	10.0792	0.79979950	0.7833	2.5634	3.6804	1.4422	-1.639	-0.952	-1.550	-1.824	-1.947	-2.014	-1.505	3.07178378	3
	0.000152	10.0792	0.79982388	0.7820	2.6126	3.6781	1.3829	-1.761	-1.058	-1.667	-1.946	-2.073	-2.142	-1.622	3.07179427	3
	0.000152	10.0792	0.79984355	0.7807	2.6557	3.6759	1.3306	-1.869	-1.149	-1.769	-2.054	-2.183	-2.254	-1.724	3.07180285	3
	0.000152	10.0792	0.79986054	0.7794	2.6958	3.6740	1.2817	-1.970	-1.234	-1.865	-2.154	-2.286	-2.358	-1.820	3.07181025	3
	0.000152	10.0792	0.79988015	0.7776	2.7454	3.6714	1.2209	-2.093	-1.338	-1.982	-2.277	-2.412	-2.487	-1.937	3.07181859	3
	0.000152	10.0792	0.79989552	0.7760	2.7876	3.6693	1.1694	-2.199	-1.426	-2.081	-2.382	-2.520	-2.597	-2.036	3.07182527	3
	0.000152	10.0792	0.79991108	0.7740	2.8337	3.6667	1.1120	-2.314	-1.519	-2.188	-2.496	-2.637	-2.716	-2.144	3.07183218	3
	0.000152	10.0792	0.79992467	0.7719	2.8767	3.6645	1.0587	-2.422	-1.607	-2.289	-2.602	-2.747	-2.828	-2.245	3.07183790	3
	0.000152	10.0792	0.79993814	0.7695	2.9229	3.6620	1.0012	-2.537	-1.700	-2.396	-2.716	-2.864	-2.947	-2.352	3.07184386	3
	0.000152	10.0792	0.79994917	0.7672	2.9633	3.6597	0.9505	-2.638	-1.777	-2.491	-2.818	-2.969	-3.054	-2.447	3.07184863	3
	0.000152	10.0792	0.79996127	0.7642	3.0108	3.6571	0.8907	-2.757	-1.865	-2.601	-2.937	-3.093	-3.180	-2.558	3.07185388	3
	0.000152	10.0792	0.79997277	0.7608	3.0594	3.6543	0.8289	-2.878	-1.953	-2.713	-3.059	-3.219	-3.309	-2.670	3.07185888	3
	0.000152	10.0792	0.79998302	0.7571	3.1060	3.6516	0.7694	-2.995	-2.036	-2.820	-3.176	-3.340	-3.433	-2.778	3.07186317	3
	0.000152	10.0792	0.79999274	0.7529	3.1531	3.6488	0.7088	-3.113	-2.118	-2.927	-3.293	-3.462	-3.557	-2.886	3.07186747	3
	0.000152	10.0792	0.80000001	0.7493	3.1904	3.6465	0.6604	-3.206	-2.180	-3.011	-3.385	-3.558	-3.656	-2.970	3.07187057	3
	0.000152	10.0792	0.80000889	0.7440	3.2379	3.6437	0.5985	-3.325	-2.259	-3.117	-3.503	-3.680	-3.781	-3.078	3.07187438	3
	0.000152	10.0792	0.80001378	0.7407	3.2623	3.6423	0.5663	-3.386	-2.299	-3.172	-3.564	-3.743	-3.846	-3.133	3.07187653	4
	0.000152	10.0792	0.80001378	0.7407	1.6711	3.9063	3.2137	0.592	0.540	0.672	0.818	0.907	0.922	0.671	3.07187653	4
	0.000152	10.0792	0.80001611	0.7407	1.6881	3.8964	3.1572	0.550	0.499	0.607	0.738	0.821	0.835	0.611	3.07187772	4
	0.000152	10.0792	0.80006927	0.7407	1.6961	3.8935	3.1374	0.530	0.481	0.581	0.708	0.788	0.802	0.586	3.07190061	4
	0.000152	10.0792	0.80012310	0.7407	1.6962	3.8942	3.1401	0.529	0.480	0.583	0.710	0.791	0.805	0.587	3.07192397	4
	0.000152	10.0792	0.80017763	0.7407	1.6962	3.8949	3.1433	0.530	0.479	0.584	0.713	0.794	0.808	0.588	3.07194757	4
	0.000152	10.0792	0.80023253	0.7408	1.6961	3.8957	3.1463	0.530	0.479	0.586	0.716	0.798	0.812	0.589	3.07197142	4
	0.000152	10.0792	0.80028880	0.7408	1.6961	3.8963	3.1488	0.530	0.479	0.587	0.718	0.801	0.814	0.590	3.07199574	4
	0.000152	10.0792	0.80034107	0.7408	1.6960	3.8967	3.1506	0.530	0.478	0.588	0.720	0.802	0.816	0.591	3.07201838	4
	0.000152	10.0792	0.80039769	0.7408	1.6961	3.8970	3.1514	0.530	0.478	0.588	0.721	0.803	0.817	0.591	3.07204270	4
	0.000152	10.0792	0.80045581	0.7408	1.6963	3.8969	3.1511	0.529	0.478	0.588	0.720	0.803	0.816	0.591	3.07206798	4
	0.000152	10.0792	0.80050802	0.7408	1.6968	3.8965	3.1488	0.528	0.477	0.586	0.717	0.799	0.813	0.589	3.07209063	4
	0.000152	10.0792	0.80056298	0.7408	1.6976	3.8956	3.1445	0.526	0.475	0.582	0.712	0.794	0.808	0.585	3.07211423	4
	0.000152	10.0792	0.80061829	0.7408	1.6987	3.8941	3.1375	0.523	0.474	0.576	0.704	0.785	0.798	0.580	3.07213831	4
	0.000152	10.0792	0.80067050	0.7408	1.7000	3.8924	3.1293	0.520	0.471	0.570	0.694	0.774	0.788	0.574	3.07216072	4
	0.000152	10.0792	0.80072236	0.7408	1.7016	3.8901	3.1187	0.516	0.469	0.561	0.682	0.760	0.774	0.567	3.07218313	4
	0.000152	10.0792	0.80077481	0.7408	1.7036	3.8873	3.1052	0.511	0.468	0.552	0.667	0.744	0.758	0.559	3.07220578	4
	0.000152	10.0792	0.80082989	0.7408	1.7061	3.8836	3.0879	0.505	0.467	0.540	0.649	0.723	0.737	0.549	3.07222962	4
	0.000152	10.0792	0.80088186	0.7408	1.7088	3.8796	3.0692	0.498	0.467	0.527	0.629	0.700	0.714	0.538	3.07225227	4
	0.000152	10.0792	0.80093414	0.7408	1.7119	3.8749	3.0474	0.490	0.467	0.513	0.607	0.674	0.689	0.526	3.07227468	4
	0.000152	10.0792	0.80098790	0.7408	1.7156	3.8694	3.0218	0.481	0.468	0.497	0.581	0.645	0.659	0.513	3.07229805	4
	0.000152	10.0792	0.80104309	0.7408	1.7198	3.8630	2.9920	0.471	0.471	0.481	0.552	0.611	0.625	0.499	3.07232189	4
	0.000152	10.0792	0.80109453	0.7408	1.7241	3.8565	2.9618	0.460	0.475	0.465	0.524	0.578	0.592	0.486	3.07234406	4
	0.000152	10.0792	0.80109936	0.7408	1.7245	3.8559	2.9589	0.459	0.475	0.464	0.521	0.575	0.589	0.485	3.07234621	4
	0.000152	10.0792	0.80114788	0.7408	1.7287	3.8497	2.9297	0.448	0.479	0.450	0.495	0.543	0.557	0.473	3.07236719	4
	0.000152	10.0792	0.80120146	0.7408	1.7335	3.8426	2.8966	0.436	0.485	0.435	0.467	0.508	0.522	0.460	3.07239032	4
	0.000152	10.0792	0.80125785	0.7408	1.7390	3.8345	2.8587	0.423	0.492	0.418	0.434	0.469	0.482	0.445	3.07241464	4
	0.000152	10.0792	0.80131048	0.7408	1.7447	3.8265	2.8209	0.408	0.499	0.402	0.402	0.430	0.442	0.430	3.07243729	4
	0.000152	10.0792	0.80136579	0.7408	1.7511	3.8182	2.7815	0.392	0.506	0.384	0.370	0.390	0.400	0.415	3.07246113	4
	0.000152	10.0792	0.80141932	0.7407	1.7576	3.8103	2.7435	0.376	0.512	0.367	0.338	0.351	0.359	0.400	3.07248425	4
	0.000152	10.0792	0.80147320	0.7407	1.7639	3.8032	2.7085	0.360	0.517	0.351	0.309	0.315	0.321	0.385	3.07250762	4
	0.000152	10.0792	0.80152565	0.7407	1.7708	3.7961	2.6732	0.343	0.524	0.335	0.279	0.279	0.282	0.371	3.07253003	4
	0.000152	10.0792	0.80157846	0.7406	1.7779	3.7896	2.6402	0.325	0.531	0.320	0.251	0.244	0.245	0.357	3.07255292	4
	0.000152	10.0792	0.80163705	0.7406	1.7810	3.7844	2.6161	0.317	0.548	0.315	0.235	0.224	0.223	0.354	3.07257819	4
	0.000152	10.0792	0.80169523	0.7405	1.7953	3.7754	2.5656	0.282	0.547	0.283	0.186	0.166	0.160	0.324	3.07260323	4
	0.000152	10.0792	0.80174798	0.7404	1.8135	3.7667	2.5130	0.236	0.530	0.241	0.128	0.099	0.090	0.283	3.07262611	4
	0.000152	10.0792	0.80178630	0.7404	1.8382	3.7581	2.4537	0.174	0.497	0.182	0.054	0.016	0.003	0.225	3.07264256	4
	0.000152	10.0792	0.80180919	0.7403	1.8682	3.7498	2.3903	0.099	0.450	0.110	-0.032	-0.078	-0.097	0.154	3.07265234	4
	0.000152	10.0792	0.80181998	0.7403	1.8994	3.7424	2.3298	0.022	0.398	0.035	-0.119	-0.173	-0.195	0.080	3.07265711	4
	0.000152	10.0792	0.80182517	0.7403	1.9328	3.7358	2.2697	-0.062	0.339	-0.045	-0.210	-0.272	-0.298	0.000	3.07265925	4
	0.000152	10.0792	0.80182797	0.7403	1.9700	3.7298	2.2087	-0.155	0.270	-0.134	-0.310	-0.378	-0.408	-0.089	3.07266045	4
	0.000152	10.0792	0.80182916	0.7403	1.9982	3.7262	2.1660	-0.225	0.214	-0.201	-0.384	-0.456	-0.488	-0.156	3.07266092	7
	0.000152	10.0792	0.80182916	0.7403	1.9986	3.7261	2.1653	-0.227	0.213	-0.202	-0.386	-0.457	-0.490	-0.157	3.07266092	7
	0.000152	10.0792	0.80182946	0.7403	2.0081	3.7251	2.1516	-0.250	0.194	-0.225	-0.410	-0.483	-0.516	-0.180	3.07266116	7
	0.000152	10.0792	0.80183041	0.7403	2.0469	3.7214	2.0980	-0.347	0.112	-0.319	-0.511	-0.587	-0.623	-0.274	3.07266164	7
	0.000152	10.0792	0.80183136	0.7403	2.0862	3.7180	2.0453	-0.445	0.029	-0.415	-0.612	-0.692	-0.730	-0.369	3.07266188	7
	0.000152	10.0792	0.80183226	0.7403	2.1193	3.7154	2.0018	-0.528	-0.042	-0.495	-0.697	-0.779	-0.820	-0.449	3.07266235	7
	0.000152	10.0792	0.80183321	0.7403	2.1482	3.7134	1.9647	-0.601	-0.105	-0.565	-0.772	-0.856	-0.898	-0.519	3.07266283	7
	0.000152	10.0792	0.80183470	0.7402	2.1678	3.7121	1.9402	-0.649	-0.148	-0.613	-0.822	-0.908	-0.950	-0.567	3.07266331	7
	0.000152	10.0792	0.80183750	0.7402	2.1479	3.7137	1.9662	-0.600	-0.106	-0.565	-0.771	-0.855	-0.896	-0.519	3.07266474	7
	0.000152	10.0792	0.80185509	0.7401	2.1352	3.7143	1.9811	-0.568	-0.077	-0.534	-0.738	-0.822	-0.863	-0.488	3.07267213	7
	0.000152	10.0792	0.80187166	0.7399	2.1639	3.7120	1.9431	-0.640	-0.137	-0.603	-0.812	-0.898	-0.941	-0.557	3.07267928	7
	0.000152	10.0792	0.80189174	0.7397	2.2093	3.7087	1.8847	-0.753	-0.235	-0.713	-0.929	-1.018	-1.063	-0.667	3.07268810	7
	0.000152	10.0792	0.80191094	0.7395	2.2565	3.7056	1.8248	-0.871	-0.337	-0.827	-1.049	-1.142	-1.190	-0.781	3.07269621	7
	0.000152	10.0792	0.80192864	0.7392	2.3032	3.7026	1.7661	-0.988	-0.438	-0.941	-1.168	-1.265	-1.314	-0.894	3.07270384	7
	0.000152	10.0792	0.80194455	0.7389	2.3465	3.7000	1.7121	-1.096	-0.533	-1.045	-1.278	-1.378	-1.429	-0.999	3.07271075	7
	0.000152	10.0792	0.80195868	0.7386	2.3888	3.6975	1.6595	-1.202	-0.624	-1.147	-1.385	-1.488	-1.541	-1.101	3.07271695	7
	0.000152	10.0792	0.80197108	0.7383	2.4304	3.6950	1.6079	-1.306	-0.714	-1.248	-1.490	-1.596	-1.651	-1.201	3.07272220	7
	0.000152	10.0792	0.80198199	0.7380	2.4713	3.6927	1.5575	-1.408	-0.802	-1.346	-1.593	-1.702	-1.759	-1.300	3.07272696	7
	0.000152	10.0792	0.80199194	0.7376	2.5122	3.6903	1.5070	-1.510	-0.890	-1.444	-1.696	-1.808	-1.866	-1.398	3.07273126	7
	0.000152	10.0792	0.80200088	0.7373	2.5528	3.6880	1.4568	-1.612	-0.976	-1.541	-1.798	-1.913	-1.973	-1.495	3.07273507	7
	0.000152	10.0792	0.80200922	0.7369	2.5933	3.6857	1.4067	-1.713	-1.061	-1.637	-1.900	-2.017	-2.080	-1.591	3.07273865	7
	0.000152	10.0792	0.80201691	0.7364	2.6339	3.6833	1.3564	-1.815	-1.147	-1.734	-2.002	-2.122	-2.187	-1.688	3.07274199	7
	0.000152	10.0792	0.80202419	0.7360	2.6742	3.6809	1.3064	-1.915	-1.231	-1.829	-2.103	-2.226	-2.293	-1.784	3.07274508	7
	0.000152	10.0792	0.80203116	0.7354	2.7142	3.6786	1.2568	-2.016	-1.313	-1.924	-2.203	-2.329	-2.397	-1.878	3.07274818	7
	0.000152	10.0792	0.80203784	0.7348	2.7541	3.6763	1.2071	-2.115	-1.395	-2.017	-2.302	-2.431	-2.502	-1.972	3.07275105	7
	0.000152	10.0792	0.80204409	0.7342	2.7947	3.6739	1.1565	-2.217	-1.478	-2.112	-2.403	-2.535	-2.608	-2.067	3.07275367	7
	0.000152	10.0792	0.80204964	0.7335	2.8361	3.6714	1.1048	-2.320	-1.561	-2.209	-2.506	-2.641	-2.717	-2.164	3.07275605	7
	0.000152	10.0792	0.80205429	0.7329	2.8770	3.6689	1.0535	-2.423	-1.643	-2.304	-2.607	-2.746	-2.823	-2.259	3.07275796	7
	0.000152	10.0792	0.80205822	0.7322	2.9183	3.6663	1.0016	-2.526	-1.724	-2.399	-2.708	-2.851	-2.931	-2.355	3.07275987	7
	0.000152	10.0792	0.80206180	0.7316	2.9590	3.6638	0.9503	-2.627	-1.799	-2.494	-2.811	-2.957	-3.039	-2.449	3.07276130	7
	0.000152	10.0792	0.80206543	0.7308	3.0008	3.6611	0.8972	-2.732	-1.876	-2.591	-2.917	-3.067	-3.151	-2.547	3.07276297	7
	0.000152	10.0792	0.80206877	0.7299	3.0467	3.6581	0.8391	-2.847	-1.958	-2.696	-3.032	-3.186	-3.273	-2.652	3.07276440	7
	0.000152	10.0792	0.80207032	0.7294	3.0735	3.6564	0.8050	-2.914	-2.004	-2.757	-3.099	-3.256	-3.344	-2.714	3.07276487	7
	0.000152	10.0792	0.80207080	0.7293	3.0546	3.6575	0.8284	-2.867	-1.971	-2.714	-3.051	-3.207	-3.294	-2.670	3.07276511	7
	0.000152	10.0792	0.80207086	0.7292	3.0480	3.6579	0.8366	-2.850	-1.959	-2.699	-3.035	-3.190	-3.277	-2.655	3.07276511	7
	0.000152	10.0792	0.80207092	0.7292	3.0403	3.6584	0.8463	-2.831	-1.945	-2.681	-3.016	-3.170	-3.256	-2.637	3.07276511	7
	0.000152	10.0792	0.80207103	0.7292	3.0467	3.6581	0.8385	-2.847	-1.958	-2.696	-3.032	-3.186	-3.273	-2.653	3.07276535	7
	0.000152	10.0792	0.80207121	0.7291	3.0613	3.6572	0.8204	-2.883	-1.983	-2.729	-3.068	-3.224	-3.312	-2.686	3.07276535	7
	0.000152	10.0792	0.80207133	0.7291	3.0833	3.6558	0.7925	-2.938	-2.022	-2.779	-3.123	-3.281	-3.370	-2.736	3.07276535	7
	0.000152	10.0792	0.80207157	0.7290	3.1180	3.6534	0.7485	-3.025	-2.080	-2.858	-3.209	-3.371	-3.462	-2.815	3.07276559	7
	0.000152	10.0792	0.80207193	0.7289	3.1737	3.6495	0.6771	-3.164	-2.172	-2.982	-3.348	-3.516	-3.611	-2.941	3.07276559	7
	0.000152	10.0792	0.80207253	0.7285	3.2277	3.6457	0.6074	-3.299	-2.255	-3.101	-3.481	-3.655	-3.754	-3.060	3.07276583	7
	0.000152	10.0792	0.80207288	0.7283	3.2403	3.6448	0.5912	-3.331	-2.275	-3.128	-3.511	-3.687	-3.787	-3.088	3.07276607	7
	0.000152	10.0792	0.80207288	0.7283	3.2403	3.6448	0.5911	-3.331	-2.275	-3.128	-3.511	-3.687	-3.787	-3.088	3.07276607	8
