# File generated by CMD 3.0 (http://stev.oapd.inaf.it/cmd) on Mon Jun 19 20:55:56 CEST 2017
# PARSEC isochrones, release v1.2S
# Basic references: Bressan et al. (2012), MNRAS, 427, 127 + Chen et al. (2014, 2015), MNRAS, 444, 2525 + MNRAS, 452, 1068 + Tang et al. (2014), MNRAS, 445, 4287
# Warning: you choose not to include the TP-AGB phase!
# Photometric system: Pan-STARRS1
# Using NBC version of bolometric corrections as in Chen et al. (2014), MNRAS, 444, 2525
# BCs of Carbon stars derive from Aringer et al. (2009, A&A 503, 913)
# O-rich circumstellar dust ignored
# C-rich circumstellar dust ignored
# IMF: Chabrier (2001) lognormal 
# On RGB, assumed Reimers mass loss with efficiency eta=0.2
# Kind of output: isochrone tables
#	Isochrone  Z = 0.00048	Y = 0.24900	[M/H] = -1.510	eta_R = 0.200	Age = 	1.2000e+10 yr
#      Z	log(age/yr)	M_ini   	M_act	logL/Lo	logTe	logG	mbol    gP1     rP1     iP1     zP1     yP1     wP1	int_IMF	stage
	0.000480	10.0792	0.09000000	0.0900	-3.1833	3.4753	5.4290	12.728	16.264	14.470	12.863	12.210	11.986	13.834	1.46765435	1
	0.000480	10.0792	0.09030499	0.0903	-3.1740	3.4767	5.4264	12.705	16.212	14.421	12.835	12.189	11.966	13.800	1.47094429	1
	0.000480	10.0792	0.10000000	0.1000	-2.8916	3.5170	5.3496	11.999	14.663	13.042	12.000	11.542	11.348	12.791	1.57040203	1
	0.000480	10.0792	0.12000000	0.1200	-2.6056	3.5481	5.2673	11.284	13.420	11.972	11.208	10.855	10.685	11.879	1.74782515	1
	0.000480	10.0792	0.14000000	0.1400	-2.4239	3.5634	5.2138	10.830	12.739	11.385	10.723	10.413	10.254	11.341	1.89584959	1
	0.000480	10.0792	0.16000000	0.1600	-2.2817	3.5736	5.1702	10.474	12.243	10.955	10.350	10.064	9.914	10.936	2.02115250	1
	0.000480	10.0792	0.20000000	0.2000	-2.0601	3.5868	5.0984	9.920	11.520	10.322	9.777	9.518	9.378	10.326	2.22178221	1
	0.000480	10.0792	0.25000000	0.2500	-1.8563	3.5979	5.0359	9.411	10.878	9.758	9.253	9.015	8.883	9.774	2.40809011	1
	0.000480	10.0792	0.30000001	0.3000	-1.7012	3.6065	4.9941	9.023	10.395	9.332	8.855	8.630	8.506	9.355	2.54750419	1
	0.000480	10.0792	0.31549928	0.3155	-1.6602	3.6089	4.9847	8.920	10.266	9.219	8.750	8.529	8.407	9.244	2.58384705	1
	0.000480	10.0792	0.34999999	0.3500	-1.5755	3.6138	4.9649	8.709	10.003	8.987	8.533	8.320	8.202	9.015	2.65552020	1
	0.000480	10.0792	0.39567694	0.3956	-1.4445	3.6241	4.9284	8.381	9.570	8.618	8.195	7.999	7.889	8.653	2.73461151	1
	0.000480	10.0792	0.40000001	0.4000	-1.4329	3.6251	4.9252	8.352	9.532	8.586	8.165	7.970	7.861	8.621	2.74133730	1
	0.000480	10.0792	0.44999999	0.4500	-1.2589	3.6438	4.8772	7.917	8.918	8.083	7.716	7.549	7.454	8.128	2.81098008	1
	0.000480	10.0792	0.50000000	0.4999	-1.0634	3.6696	4.8308	7.429	8.208	7.513	7.213	7.083	7.009	7.565	2.86847806	1
	0.000480	10.0792	0.55000001	0.5499	-0.8491	3.6945	4.7573	6.893	7.500	6.921	6.674	6.574	6.520	6.975	2.91663504	1
	0.000480	10.0792	0.60000002	0.5998	-0.6393	3.7222	4.6960	6.368	6.839	6.361	6.163	6.091	6.059	6.414	2.95739889	1
	0.000480	10.0792	0.60313517	0.6030	-0.6256	3.7241	4.6924	6.334	6.797	6.325	6.130	6.061	6.030	6.378	2.95974851	1
	0.000480	10.0792	0.61528343	0.6151	-0.5724	3.7317	4.6779	6.201	6.634	6.187	6.005	5.943	5.917	6.239	2.96864581	1
	0.000480	10.0792	0.62611932	0.6259	-0.5246	3.7383	4.6642	6.081	6.491	6.065	5.893	5.838	5.816	6.117	2.97631502	1
	0.000480	10.0792	0.63618946	0.6360	-0.4799	3.7443	4.6507	5.970	6.359	5.953	5.790	5.740	5.723	6.003	2.98322630	1
	0.000480	10.0792	0.64596993	0.6457	-0.4362	3.7501	4.6367	5.860	6.232	5.843	5.690	5.644	5.631	5.893	2.98974013	1
	0.000480	10.0792	0.64999998	0.6498	-0.4180	3.7525	4.6306	5.815	6.180	5.798	5.648	5.605	5.594	5.848	2.99236870	1
	0.000480	10.0792	0.66000295	0.6597	-0.3726	3.7579	4.6133	5.701	6.050	5.684	5.544	5.507	5.499	5.735	2.99875879	1
	0.000480	10.0792	0.67075783	0.6705	-0.3229	3.7635	4.5933	5.577	5.911	5.562	5.431	5.399	5.394	5.612	3.00542307	1
	0.000480	10.0792	0.68134969	0.6810	-0.2730	3.7690	4.5720	5.452	5.773	5.440	5.317	5.289	5.288	5.488	3.01178670	1
	0.000480	10.0792	0.69070941	0.6903	-0.2275	3.7737	4.5513	5.339	5.648	5.329	5.214	5.191	5.192	5.377	3.01725268	1
	0.000480	10.0792	0.69976658	0.6994	-0.1823	3.7782	4.5296	5.226	5.524	5.220	5.112	5.093	5.097	5.267	3.02240682	1
	0.000480	10.0792	0.69999999	0.6996	-0.1811	3.7783	4.5290	5.223	5.521	5.217	5.110	5.091	5.095	5.264	3.02253795	1
	0.000480	10.0792	0.70327586	0.7029	-0.1645	3.7798	4.5206	5.181	5.476	5.177	5.072	5.055	5.059	5.224	3.02436948	1
	0.000480	10.0792	0.71292073	0.7125	-0.1136	3.7843	4.4935	5.054	5.338	5.057	4.961	4.948	4.954	5.103	3.02966642	1
	0.000480	10.0792	0.72138584	0.7209	-0.0667	3.7881	4.4670	4.937	5.212	4.946	4.857	4.848	4.856	4.991	3.03420234	1
	0.000480	10.0792	0.72974354	0.7292	-0.0180	3.7918	4.4379	4.815	5.081	4.830	4.747	4.742	4.751	4.873	3.03858066	1
	0.000480	10.0792	0.73692125	0.7363	0.0259	3.7948	4.4102	4.705	4.964	4.723	4.646	4.644	4.654	4.765	3.04226375	1
	0.000480	10.0792	0.74387449	0.7433	0.0707	3.7976	4.3807	4.593	4.845	4.614	4.542	4.543	4.554	4.656	3.04576612	1
	0.000480	10.0792	0.75000000	0.7493	0.1122	3.7999	4.3520	4.490	4.735	4.513	4.445	4.448	4.460	4.553	3.04879928	1
	0.000480	10.0792	0.75569963	0.7550	0.1527	3.8021	4.3236	4.388	4.628	4.412	4.348	4.353	4.367	4.453	3.05157876	1
	0.000480	10.0792	0.76225281	0.7615	0.2023	3.8044	4.2870	4.264	4.497	4.289	4.229	4.236	4.251	4.329	3.05472469	1
	0.000480	10.0792	0.76824909	0.7674	0.2511	3.8061	4.2485	4.142	4.370	4.167	4.110	4.119	4.134	4.206	3.05755758	1
	0.000480	10.0792	0.77383471	0.7729	0.2996	3.8074	4.2081	4.021	4.244	4.045	3.991	4.001	4.017	4.085	3.06015825	1
	0.000480	10.0792	0.77766150	0.7767	0.3342	3.8080	4.1779	3.934	4.155	3.958	3.905	3.916	3.932	3.997	3.06191897	1
	0.000480	10.0792	0.77966315	0.7787	0.3549	3.8077	4.1574	3.883	4.103	3.906	3.853	3.864	3.879	3.945	3.06283331	1
	0.000480	10.0792	0.78513384	0.7840	0.4151	3.8059	4.0930	3.732	3.954	3.754	3.698	3.708	3.722	3.793	3.06530929	1
	0.000480	10.0792	0.78898913	0.7878	0.4621	3.8033	4.0375	3.615	3.840	3.634	3.575	3.582	3.595	3.673	3.06703424	1
	0.000480	10.0792	0.78981400	0.7886	0.4728	3.8025	4.0242	3.588	3.815	3.607	3.547	3.553	3.565	3.646	3.06740117	2
	0.000480	10.0792	0.79174674	0.7905	0.5028	3.7989	3.9807	3.513	3.747	3.529	3.464	3.466	3.477	3.570	3.06825781	2
	0.000480	10.0792	0.79377723	0.7925	0.5369	3.7938	3.9274	3.428	3.672	3.439	3.365	3.363	3.371	3.481	3.06915379	2
	0.000480	10.0792	0.79535776	0.7940	0.5675	3.7875	3.8724	3.351	3.611	3.356	3.272	3.264	3.270	3.400	3.06984782	2
	0.000480	10.0792	0.79662436	0.7952	0.5948	3.7805	3.8176	3.283	3.563	3.282	3.185	3.170	3.173	3.327	3.07040215	2
	0.000480	10.0792	0.79791474	0.7965	0.6246	3.7716	3.7529	3.208	3.510	3.204	3.092	3.069	3.067	3.250	3.07096505	2
	0.000480	10.0792	0.79880702	0.7973	0.6476	3.7642	3.7009	3.151	3.473	3.145	3.022	2.991	2.986	3.193	3.07135320	2
	0.000480	10.0792	0.79958236	0.7981	0.6725	3.7572	3.6481	3.089	3.430	3.083	2.948	2.911	2.901	3.131	3.07168961	2
	0.000480	10.0792	0.80000001	0.7985	0.6910	3.7536	3.6155	3.042	3.395	3.038	2.897	2.857	2.844	3.085	3.07187057	2
	0.000480	10.0792	0.80037820	0.7988	0.7086	3.7503	3.5852	2.998	3.360	2.994	2.848	2.805	2.791	3.042	3.07203436	2
	0.000480	10.0792	0.80095190	0.7994	0.7433	3.7461	3.5340	2.912	3.287	2.909	2.756	2.709	2.692	2.958	3.07228231	2
	0.000480	10.0792	0.80134434	0.7997	0.7705	3.7436	3.4970	2.844	3.227	2.842	2.685	2.636	2.617	2.891	3.07245183	3
	0.000480	10.0792	0.80152726	0.7999	0.7849	3.7427	3.4788	2.808	3.194	2.807	2.648	2.598	2.578	2.855	3.07253075	3
	0.000480	10.0792	0.80201823	0.8003	0.8256	3.7402	3.4284	2.706	3.100	2.706	2.544	2.491	2.470	2.755	3.07274246	3
	0.000480	10.0792	0.80255520	0.8008	0.8745	3.7379	3.3706	2.584	2.986	2.585	2.419	2.364	2.341	2.634	3.07297373	3
	0.000480	10.0792	0.80301112	0.8012	0.9192	3.7361	3.3190	2.472	2.881	2.475	2.306	2.249	2.225	2.524	3.07316971	3
	0.000480	10.0792	0.80344671	0.8016	0.9649	3.7344	3.2667	2.358	2.772	2.362	2.191	2.132	2.106	2.410	3.07335687	3
	0.000480	10.0792	0.80388927	0.8019	1.0151	3.7328	3.2104	2.232	2.653	2.238	2.064	2.004	1.977	2.286	3.07354689	3
	0.000480	10.0792	0.80429596	0.8023	1.0648	3.7313	3.1546	2.108	2.534	2.115	1.939	1.877	1.848	2.164	3.07372117	3
	0.000480	10.0792	0.80466104	0.8025	1.1132	3.7298	3.1004	1.987	2.418	1.996	1.817	1.753	1.724	2.044	3.07387757	3
	0.000480	10.0792	0.80498022	0.8028	1.1589	3.7284	3.0493	1.873	2.309	1.883	1.702	1.637	1.606	1.931	3.07401395	3
	0.000480	10.0792	0.80529118	0.8030	1.2074	3.7269	2.9950	1.751	2.193	1.763	1.580	1.514	1.482	1.812	3.07414699	3
	0.000480	10.0792	0.80558944	0.8032	1.2584	3.7253	2.9375	1.624	2.072	1.637	1.452	1.383	1.351	1.686	3.07427430	3
	0.000480	10.0792	0.80583960	0.8033	1.3050	3.7238	2.8851	1.508	1.961	1.522	1.335	1.265	1.231	1.571	3.07438111	3
	0.000480	10.0792	0.80606771	0.8034	1.3512	3.7223	2.8330	1.392	1.851	1.408	1.218	1.146	1.112	1.457	3.07447839	3
	0.000480	10.0792	0.80628222	0.8035	1.3984	3.7207	2.7794	1.274	1.739	1.292	1.099	1.026	0.990	1.340	3.07456994	3
	0.000480	10.0792	0.80647194	0.8035	1.4440	3.7191	2.7274	1.160	1.632	1.180	0.985	0.909	0.872	1.228	3.07465076	3
	0.000480	10.0792	0.80665225	0.8035	1.4913	3.7174	2.6734	1.042	1.521	1.064	0.866	0.789	0.750	1.112	3.07472754	3
	0.000480	10.0792	0.80681127	0.8035	1.5369	3.7157	2.6210	0.928	1.414	0.952	0.751	0.672	0.632	1.000	3.07479525	3
	0.000480	10.0792	0.80695277	0.8034	1.5812	3.7141	2.5699	0.817	1.311	0.844	0.640	0.559	0.518	0.892	3.07485557	3
	0.000480	10.0792	0.80708760	0.8034	1.6271	3.7124	2.5172	0.702	1.204	0.731	0.524	0.442	0.400	0.779	3.07491279	3
	0.000480	10.0792	0.80720967	0.8033	1.6723	3.7105	2.4646	0.589	1.099	0.620	0.410	0.326	0.282	0.668	3.07496476	3
	0.000480	10.0792	0.80731708	0.8031	1.7156	3.7088	2.4143	0.481	0.998	0.514	0.301	0.215	0.170	0.562	3.07501054	3
	0.000480	10.0792	0.80741584	0.8030	1.7587	3.7070	2.3641	0.373	0.899	0.408	0.192	0.104	0.058	0.456	3.07505250	3
	0.000480	10.0792	0.80751133	0.8028	1.8037	3.7051	2.3111	0.261	0.796	0.298	0.078	-0.012	-0.060	0.346	3.07509303	3
	0.000480	10.0792	0.80759495	0.8026	1.8464	3.7032	2.2611	0.154	0.698	0.194	-0.030	-0.122	-0.171	0.242	3.07512856	3
	0.000480	10.0792	0.80767184	0.8024	1.8885	3.7014	2.2114	0.049	0.602	0.091	-0.136	-0.230	-0.280	0.139	3.07516122	3
	0.000480	10.0792	0.80774468	0.8021	1.9312	3.6994	2.1607	-0.058	0.505	-0.013	-0.244	-0.340	-0.391	0.035	3.07519221	3
	0.000480	10.0792	0.80780876	0.8018	1.9712	3.6976	2.1135	-0.158	0.415	-0.110	-0.344	-0.442	-0.495	-0.062	3.07521939	3
	0.000480	10.0792	0.80787051	0.8015	2.0108	3.6957	2.0660	-0.257	0.327	-0.206	-0.444	-0.544	-0.598	-0.158	3.07524562	3
	0.000480	10.0792	0.80793458	0.8010	2.0445	3.6941	2.0258	-0.341	0.252	-0.287	-0.528	-0.630	-0.686	-0.239	3.07527280	3
	0.000480	10.0792	0.80799186	0.8007	2.0688	3.6931	1.9970	-0.402	0.197	-0.346	-0.589	-0.692	-0.749	-0.298	3.07529712	3
	0.000480	10.0792	0.80804294	0.8003	2.0526	3.6942	2.0174	-0.362	0.231	-0.308	-0.548	-0.650	-0.706	-0.259	3.07531881	3
	0.000480	10.0792	0.80805176	0.8002	2.0600	3.6938	2.0086	-0.380	0.215	-0.326	-0.567	-0.669	-0.725	-0.277	3.07532239	3
	0.000480	10.0792	0.80810028	0.7998	2.1022	3.6918	1.9579	-0.486	0.122	-0.427	-0.673	-0.777	-0.836	-0.379	3.07534313	3
	0.000480	10.0792	0.80814928	0.7994	2.1478	3.6895	1.9028	-0.599	0.022	-0.537	-0.787	-0.895	-0.955	-0.489	3.07536387	3
	0.000480	10.0792	0.80819094	0.7989	2.1897	3.6873	1.8521	-0.704	-0.069	-0.637	-0.891	-1.002	-1.063	-0.589	3.07538152	3
	0.000480	10.0792	0.80823189	0.7984	2.2341	3.6849	1.7978	-0.815	-0.164	-0.743	-1.002	-1.115	-1.179	-0.694	3.07539892	3
	0.000480	10.0792	0.80827010	0.7978	2.2792	3.6826	1.7429	-0.928	-0.261	-0.850	-1.114	-1.230	-1.296	-0.802	3.07541513	3
	0.000480	10.0792	0.80830353	0.7971	2.3216	3.6801	1.6904	-1.034	-0.350	-0.951	-1.220	-1.339	-1.406	-0.902	3.07542920	3
	0.000480	10.0792	0.80833673	0.7964	2.3670	3.6777	1.6347	-1.147	-0.446	-1.058	-1.332	-1.454	-1.524	-1.009	3.07544327	3
	0.000480	10.0792	0.80836612	0.7956	2.4106	3.6751	1.5803	-1.257	-0.535	-1.160	-1.440	-1.565	-1.637	-1.111	3.07545590	3
	0.000480	10.0792	0.80839354	0.7947	2.4543	3.6725	1.5260	-1.366	-0.625	-1.262	-1.547	-1.676	-1.750	-1.214	3.07546735	3
	0.000480	10.0792	0.80841964	0.7937	2.4994	3.6697	1.4692	-1.478	-0.717	-1.366	-1.659	-1.791	-1.867	-1.319	3.07547855	3
	0.000480	10.0792	0.80844784	0.7925	2.5524	3.6666	1.4030	-1.611	-0.823	-1.489	-1.789	-1.925	-2.005	-1.442	3.07549047	3
	0.000480	10.0792	0.80847049	0.7912	2.5985	3.6637	1.3445	-1.726	-0.914	-1.594	-1.901	-2.042	-2.124	-1.548	3.07550001	3
	0.000480	10.0792	0.80849379	0.7897	2.6503	3.6604	1.2787	-1.856	-1.015	-1.712	-2.028	-2.173	-2.258	-1.666	3.07551003	3
	0.000480	10.0792	0.80851305	0.7881	2.6966	3.6573	1.2192	-1.972	-1.103	-1.816	-2.139	-2.289	-2.377	-1.771	3.07551813	3
	0.000480	10.0792	0.80853266	0.7862	2.7478	3.6540	1.1537	-2.100	-1.200	-1.931	-2.263	-2.417	-2.508	-1.887	3.07552648	3
	0.000480	10.0792	0.80854899	0.7843	2.7940	3.6508	1.0938	-2.215	-1.286	-2.033	-2.373	-2.533	-2.626	-1.990	3.07553339	3
	0.000480	10.0792	0.80856609	0.7819	2.8463	3.6474	1.0263	-2.346	-1.382	-2.149	-2.498	-2.662	-2.759	-2.106	3.07554054	3
	0.000480	10.0792	0.80858338	0.7789	2.9046	3.6432	0.9496	-2.492	-1.480	-2.276	-2.639	-2.810	-2.911	-2.235	3.07554793	3
	0.000480	10.0792	0.80859751	0.7759	2.9565	3.6396	0.8817	-2.621	-1.563	-2.391	-2.765	-2.942	-3.047	-2.350	3.07555389	3
	0.000480	10.0792	0.80860960	0.7727	3.0043	3.6362	0.8183	-2.741	-1.635	-2.494	-2.881	-3.063	-3.171	-2.454	3.07555890	3
	0.000480	10.0792	0.80862206	0.7688	3.0576	3.6323	0.7473	-2.874	-1.713	-2.608	-3.009	-3.198	-3.309	-2.570	3.07556438	3
	0.000480	10.0792	0.80863482	0.7636	3.1172	3.6279	0.6674	-3.023	-1.798	-2.734	-3.151	-3.348	-3.464	-2.697	3.07556963	3
	0.000480	10.0792	0.80864555	0.7583	3.1715	3.6240	0.5943	-3.159	-1.872	-2.847	-3.279	-3.483	-3.603	-2.813	3.07557416	3
	0.000480	10.0792	0.80865633	0.7517	3.2303	3.6196	0.5143	-3.306	-1.951	-2.968	-3.417	-3.629	-3.754	-2.936	3.07557869	3
	0.000480	10.0792	0.80866635	0.7438	3.2876	3.6155	0.4357	-3.449	-2.024	-3.081	-3.547	-3.768	-3.898	-3.053	3.07558298	3
	0.000480	10.0792	0.80866915	0.7413	3.3028	3.6144	0.4146	-3.487	-2.044	-3.111	-3.582	-3.805	-3.936	-3.085	3.07558417	4
	0.000480	10.0792	0.80866915	0.7413	1.7234	3.7750	2.6366	0.461	0.716	0.446	0.352	0.334	0.329	0.490	3.07558417	4
	0.000480	10.0792	0.80867094	0.7413	1.7272	3.7738	2.6282	0.452	0.711	0.437	0.340	0.322	0.316	0.481	3.07558489	4
	0.000480	10.0792	0.80872554	0.7413	1.7419	3.7721	2.6065	0.415	0.680	0.401	0.301	0.280	0.274	0.445	3.07560802	4
	0.000480	10.0792	0.80878162	0.7412	1.7433	3.7724	2.6062	0.412	0.675	0.397	0.298	0.277	0.271	0.441	3.07563186	4
	0.000480	10.0792	0.80883861	0.7412	1.7441	3.7730	2.6078	0.410	0.671	0.395	0.297	0.277	0.271	0.439	3.07565594	4
	0.000480	10.0792	0.80889720	0.7411	1.7442	3.7740	2.6117	0.409	0.667	0.394	0.298	0.279	0.274	0.438	3.07568073	4
	0.000480	10.0792	0.80895543	0.7411	1.7439	3.7754	2.6175	0.410	0.663	0.394	0.301	0.284	0.279	0.438	3.07570553	4
	0.000480	10.0792	0.80901444	0.7410	1.7431	3.7771	2.6250	0.412	0.659	0.396	0.306	0.290	0.286	0.439	3.07573056	4
	0.000480	10.0792	0.80907375	0.7410	1.7420	3.7790	2.6339	0.415	0.655	0.398	0.311	0.298	0.295	0.441	3.07575560	4
	0.000480	10.0792	0.80913377	0.7410	1.7409	3.7811	2.6431	0.418	0.649	0.400	0.317	0.306	0.303	0.442	3.07578087	4
	0.000480	10.0792	0.80919075	0.7409	1.7399	3.7829	2.6517	0.420	0.644	0.401	0.322	0.313	0.311	0.443	3.07580519	4
	0.000480	10.0792	0.80924767	0.7409	1.7391	3.7847	2.6593	0.422	0.639	0.403	0.327	0.319	0.318	0.444	3.07582927	4
	0.000480	10.0792	0.80930287	0.7408	1.7385	3.7861	2.6657	0.424	0.634	0.404	0.331	0.324	0.323	0.444	3.07585239	4
	0.000480	10.0792	0.80935800	0.7408	1.7381	3.7872	2.6705	0.425	0.630	0.404	0.333	0.327	0.327	0.444	3.07587576	4
	0.000480	10.0792	0.80941421	0.7408	1.7379	3.7881	2.6743	0.425	0.627	0.404	0.335	0.330	0.330	0.444	3.07589960	4
	0.000480	10.0792	0.80946743	0.7407	1.7382	3.7884	2.6748	0.424	0.625	0.403	0.335	0.330	0.330	0.443	3.07592201	4
	0.000480	10.0792	0.80951995	0.7407	1.7388	3.7883	2.6738	0.423	0.624	0.402	0.333	0.328	0.328	0.442	3.07594419	4
	0.000480	10.0792	0.80957717	0.7407	1.7399	3.7876	2.6702	0.420	0.624	0.399	0.329	0.324	0.324	0.440	3.07596850	4
	0.000480	10.0792	0.80963022	0.7406	1.7413	3.7865	2.6644	0.417	0.625	0.396	0.324	0.318	0.317	0.437	3.07599092	4
	0.000480	10.0792	0.80968451	0.7406	1.7433	3.7849	2.6557	0.412	0.627	0.392	0.317	0.309	0.308	0.433	3.07601380	4
	0.000480	10.0792	0.80973750	0.7406	1.7457	3.7828	2.6450	0.406	0.630	0.387	0.308	0.298	0.296	0.429	3.07603621	4
	0.000480	10.0792	0.80979019	0.7405	1.7485	3.7805	2.6330	0.399	0.633	0.381	0.297	0.285	0.283	0.424	3.07605863	4
	0.000480	10.0792	0.80980039	0.7405	1.7490	3.7800	2.6305	0.397	0.633	0.380	0.295	0.283	0.280	0.423	3.07606292	4
	0.000480	10.0792	0.80984038	0.7405	1.7516	3.7781	2.6202	0.391	0.634	0.374	0.286	0.271	0.268	0.417	3.07607961	4
	0.000480	10.0792	0.80988902	0.7404	1.7551	3.7756	2.6068	0.382	0.634	0.366	0.273	0.256	0.251	0.410	3.07610035	4
	0.000480	10.0792	0.80993718	0.7404	1.7593	3.7728	2.5915	0.372	0.633	0.357	0.258	0.238	0.232	0.400	3.07612062	4
	0.000480	10.0792	0.80998713	0.7404	1.7642	3.7700	2.5751	0.359	0.631	0.345	0.242	0.219	0.211	0.389	3.07614160	4
	0.000480	10.0792	0.81003654	0.7403	1.7695	3.7673	2.5590	0.346	0.627	0.333	0.225	0.199	0.190	0.378	3.07616258	4
	0.000480	10.0792	0.81008518	0.7403	1.7750	3.7647	2.5431	0.333	0.622	0.320	0.207	0.179	0.169	0.365	3.07618308	4
	0.000480	10.0792	0.81013274	0.7402	1.7807	3.7623	2.5277	0.318	0.615	0.307	0.190	0.159	0.147	0.352	3.07620311	4
	0.000480	10.0792	0.81018031	0.7402	1.7866	3.7601	2.5131	0.304	0.608	0.293	0.172	0.139	0.126	0.338	3.07622313	4
	0.000480	10.0792	0.81022847	0.7401	1.7929	3.7580	2.4982	0.288	0.600	0.279	0.154	0.118	0.104	0.324	3.07624364	4
	0.000480	10.0792	0.81027853	0.7400	1.8011	3.7555	2.4801	0.267	0.588	0.259	0.129	0.092	0.077	0.304	3.07626462	4
	0.000480	10.0792	0.81032753	0.7400	1.8110	3.7528	2.4594	0.242	0.573	0.235	0.101	0.060	0.044	0.281	3.07628536	4
	0.000480	10.0792	0.81037325	0.7399	1.8248	3.7496	2.4325	0.208	0.549	0.202	0.062	0.018	-0.000	0.248	3.07630467	4
	0.000480	10.0792	0.81040144	0.7398	1.8416	3.7461	2.4018	0.166	0.520	0.161	0.015	-0.032	-0.052	0.208	3.07631660	4
	0.000480	10.0792	0.81042433	0.7398	1.8649	3.7416	2.3606	0.108	0.478	0.105	-0.049	-0.100	-0.123	0.152	3.07632613	4
	0.000480	10.0792	0.81043994	0.7398	1.8941	3.7365	2.3110	0.035	0.424	0.035	-0.127	-0.184	-0.210	0.082	3.07633281	4
	0.000480	10.0792	0.81044894	0.7397	1.9282	3.7312	2.2557	-0.051	0.360	-0.047	-0.218	-0.281	-0.310	0.001	3.07633662	4
	0.000480	10.0792	0.81045359	0.7397	1.9623	3.7265	2.2028	-0.136	0.294	-0.128	-0.308	-0.375	-0.408	-0.080	3.07633853	4
	0.000480	10.0792	0.81045622	0.7397	1.9980	3.7221	2.1495	-0.225	0.224	-0.214	-0.401	-0.473	-0.509	-0.166	3.07633972	4
	0.000480	10.0792	0.81045765	0.7397	2.0311	3.7185	2.1018	-0.308	0.157	-0.293	-0.487	-0.563	-0.601	-0.245	3.07634020	4
	0.000480	10.0792	0.81045800	0.7397	2.0409	3.7174	2.0879	-0.332	0.137	-0.317	-0.512	-0.589	-0.628	-0.268	3.07634044	7
	0.000480	10.0792	0.81045800	0.7397	2.0414	3.7174	2.0871	-0.334	0.136	-0.318	-0.513	-0.590	-0.629	-0.269	3.07634044	7
	0.000480	10.0792	0.81045884	0.7397	2.0720	3.7146	2.0454	-0.410	0.073	-0.391	-0.592	-0.672	-0.712	-0.342	3.07634068	7
	0.000480	10.0792	0.81045985	0.7397	2.1080	3.7115	1.9968	-0.500	-0.002	-0.478	-0.684	-0.767	-0.810	-0.429	3.07634115	7
	0.000480	10.0792	0.81046081	0.7397	2.1368	3.7091	1.9586	-0.572	-0.062	-0.547	-0.758	-0.844	-0.888	-0.498	3.07634163	7
	0.000480	10.0792	0.81046176	0.7397	2.1582	3.7074	1.9306	-0.626	-0.107	-0.598	-0.812	-0.900	-0.946	-0.549	3.07634187	7
	0.000480	10.0792	0.81046307	0.7397	2.1668	3.7068	1.9195	-0.647	-0.125	-0.618	-0.834	-0.922	-0.969	-0.569	3.07634258	7
	0.000480	10.0792	0.81046569	0.7396	2.1623	3.7072	1.9256	-0.636	-0.116	-0.608	-0.823	-0.911	-0.957	-0.559	3.07634354	7
	0.000480	10.0792	0.81046981	0.7396	2.1523	3.7080	1.9389	-0.611	-0.095	-0.584	-0.797	-0.884	-0.930	-0.535	3.07634544	7
	0.000480	10.0792	0.81049591	0.7393	2.1553	3.7076	1.9339	-0.618	-0.100	-0.591	-0.805	-0.892	-0.938	-0.542	3.07635641	7
	0.000480	10.0792	0.81051266	0.7392	2.1721	3.7060	1.9107	-0.660	-0.134	-0.631	-0.848	-0.937	-0.984	-0.581	3.07636356	7
	0.000480	10.0792	0.81053722	0.7389	2.2231	3.7018	1.8428	-0.788	-0.238	-0.752	-0.978	-1.071	-1.121	-0.703	3.07637382	7
	0.000480	10.0792	0.81055737	0.7386	2.2645	3.6986	1.7883	-0.891	-0.323	-0.850	-1.083	-1.180	-1.232	-0.801	3.07638240	7
	0.000480	10.0792	0.81057531	0.7383	2.3066	3.6954	1.7333	-0.996	-0.409	-0.949	-1.188	-1.289	-1.345	-0.900	3.07638979	7
	0.000480	10.0792	0.81059128	0.7380	2.3486	3.6923	1.6787	-1.101	-0.495	-1.048	-1.294	-1.398	-1.456	-0.999	3.07639670	7
	0.000480	10.0792	0.81060541	0.7377	2.3904	3.6892	1.6241	-1.206	-0.580	-1.147	-1.398	-1.507	-1.567	-1.097	3.07640266	7
	0.000480	10.0792	0.81061780	0.7374	2.4320	3.6861	1.5700	-1.310	-0.663	-1.244	-1.501	-1.614	-1.677	-1.194	3.07640767	7
	0.000480	10.0792	0.81062883	0.7370	2.4739	3.6830	1.5156	-1.415	-0.747	-1.341	-1.605	-1.721	-1.786	-1.292	3.07641244	7
	0.000480	10.0792	0.81063890	0.7367	2.5163	3.6798	1.4604	-1.521	-0.831	-1.439	-1.710	-1.830	-1.898	-1.390	3.07641673	7
	0.000480	10.0792	0.81064814	0.7363	2.5590	3.6767	1.4047	-1.627	-0.914	-1.537	-1.815	-1.939	-2.010	-1.488	3.07642055	7
	0.000480	10.0792	0.81065673	0.7358	2.6021	3.6734	1.3483	-1.735	-0.997	-1.635	-1.921	-2.049	-2.123	-1.587	3.07642412	7
	0.000480	10.0792	0.81066477	0.7353	2.6459	3.6701	1.2909	-1.845	-1.080	-1.735	-2.028	-2.161	-2.237	-1.687	3.07642746	7
	0.000480	10.0792	0.81067246	0.7348	2.6901	3.6667	1.2327	-1.955	-1.162	-1.834	-2.135	-2.273	-2.352	-1.786	3.07643080	7
	0.000480	10.0792	0.81067979	0.7341	2.7336	3.6633	1.1752	-2.064	-1.243	-1.931	-2.241	-2.383	-2.466	-1.884	3.07643390	7
	0.000480	10.0792	0.81068677	0.7334	2.7765	3.6599	1.1185	-2.171	-1.321	-2.026	-2.345	-2.492	-2.577	-1.981	3.07643676	7
	0.000480	10.0792	0.81069297	0.7327	2.8184	3.6566	1.0628	-2.276	-1.395	-2.118	-2.445	-2.597	-2.685	-2.073	3.07643938	7
	0.000480	10.0792	0.81069809	0.7320	2.8564	3.6535	1.0122	-2.371	-1.462	-2.201	-2.535	-2.691	-2.782	-2.157	3.07644153	7
	0.000480	10.0792	0.81070238	0.7313	2.8941	3.6505	0.9618	-2.465	-1.524	-2.283	-2.627	-2.788	-2.882	-2.240	3.07644343	7
	0.000480	10.0792	0.81070608	0.7306	2.9336	3.6472	0.9091	-2.564	-1.583	-2.369	-2.723	-2.889	-2.985	-2.326	3.07644510	7
	0.000480	10.0792	0.81070983	0.7297	2.9810	3.6433	0.8454	-2.683	-1.654	-2.470	-2.838	-3.009	-3.110	-2.429	3.07644653	7
	0.000480	10.0792	0.81071305	0.7289	3.0236	3.6398	0.7882	-2.789	-1.716	-2.562	-2.940	-3.118	-3.223	-2.521	3.07644796	7
	0.000480	10.0792	0.81071639	0.7278	3.0747	3.6355	0.7194	-2.917	-1.785	-2.668	-3.062	-3.247	-3.355	-2.628	3.07644939	7
	0.000480	10.0792	0.81071663	0.7277	3.0796	3.6351	0.7126	-2.929	-1.791	-2.678	-3.074	-3.259	-3.368	-2.639	3.07644939	7
	0.000480	10.0792	0.81071681	0.7277	3.0851	3.6346	0.7052	-2.943	-1.798	-2.689	-3.087	-3.273	-3.382	-2.650	3.07644939	7
	0.000480	10.0792	0.81071705	0.7276	3.0901	3.6341	0.6983	-2.955	-1.805	-2.700	-3.098	-3.285	-3.395	-2.661	3.07644963	7
	0.000480	10.0792	0.81071728	0.7275	3.0963	3.6336	0.6900	-2.971	-1.813	-2.713	-3.113	-3.301	-3.411	-2.674	3.07644963	7
	0.000480	10.0792	0.81071758	0.7274	3.1080	3.6326	0.6742	-3.000	-1.828	-2.737	-3.141	-3.330	-3.442	-2.698	3.07644987	7
	0.000480	10.0792	0.81071812	0.7272	3.1353	3.6302	0.6372	-3.068	-1.863	-2.793	-3.205	-3.399	-3.513	-2.755	3.07645011	7
	0.000480	10.0792	0.81071854	0.7270	3.1677	3.6274	0.5934	-3.149	-1.902	-2.857	-3.280	-3.479	-3.596	-2.821	3.07645035	7
	0.000480	10.0792	0.81071854	0.7270	3.1676	3.6274	0.5933	-3.149	-1.902	-2.857	-3.280	-3.479	-3.595	-2.821	3.07645035	8
