# File generated by CMD 3.0 (http://stev.oapd.inaf.it/cmd) on Wed Jul 26 16:45:24 CEST 2017
# PARSEC isochrones, release v1.2S
# Basic references: Bressan et al. (2012), MNRAS, 427, 127 + Chen et al. (2014, 2015), MNRAS, 444, 2525 + MNRAS, 452, 1068 + Tang et al. (2014), MNRAS, 445, 4287
# Warning: you choose not to include the TP-AGB phase!
# Photometric system: Pan-STARRS1
# Using NBC version of bolometric corrections as in Chen et al. (2014), MNRAS, 444, 2525
# BCs of Carbon stars derive from Aringer et al. (2009, A&A 503, 913)
# O-rich circumstellar dust ignored
# C-rich circumstellar dust ignored
# IMF: Chabrier (2001) lognormal 
# On RGB, assumed Reimers mass loss with efficiency eta=0.2
# Kind of output: isochrone tables
#	Isochrone  Z = 0.00015	Y = 0.24900	[M/H] = -2.010	eta_R = 0.200	Age = 	1.0000e+10 yr
#      Z	log(age/yr)	M_ini   	M_act	logL/Lo	logTe	logG	mbol    gP1     rP1     iP1     zP1     yP1     wP1	int_IMF	stage
	0.000152	10.0000	0.09395929	0.0940	-3.0372	3.5155	5.4620	12.363	14.972	13.302	12.270	11.825	11.639	13.060	1.50956631	1
	0.000152	10.0000	0.09424452	0.0942	-3.0295	3.5165	5.4597	12.344	14.937	13.271	12.250	11.809	11.623	13.036	1.51252091	1
	0.000152	10.0000	0.10791858	0.1079	-2.6849	3.5621	5.3564	11.482	13.369	11.988	11.340	11.035	10.877	11.954	1.64477885	1
	0.000152	10.0000	0.12791857	0.1279	-2.4342	3.5863	5.2761	10.855	12.419	11.225	10.691	10.436	10.296	11.234	1.80957520	1
	0.000152	10.0000	0.14791857	0.1479	-2.2674	3.5986	5.2217	10.438	11.855	10.757	10.264	10.030	9.900	10.776	1.94781661	1
	0.000152	10.0000	0.17583714	0.1758	-2.0939	3.6091	5.1654	10.005	11.306	10.284	9.822	9.604	9.483	10.309	2.10752535	1
	0.000152	10.0000	0.21979643	0.2198	-1.8818	3.6206	5.0963	9.474	10.657	9.712	9.283	9.081	8.970	9.743	2.30255175	1
	0.000152	10.0000	0.26979643	0.2698	-1.6986	3.6307	5.0423	9.017	10.101	9.219	8.817	8.630	8.527	9.255	2.46790242	1
	0.000152	10.0000	0.34999999	0.3500	-1.4774	3.6443	4.9885	8.464	9.428	8.622	8.254	8.085	7.994	8.662	2.65552020	1
	0.000152	10.0000	0.40000001	0.4000	-1.3556	3.6529	4.9592	8.159	9.053	8.291	7.944	7.787	7.702	8.334	2.74133730	1
	0.000152	10.0000	0.44999999	0.4500	-1.2052	3.6672	4.9171	7.783	8.570	7.877	7.563	7.424	7.350	7.923	2.81098008	1
	0.000152	10.0000	0.50000000	0.4999	-1.0382	3.6838	4.8623	7.366	8.043	7.423	7.144	7.025	6.965	7.471	2.86847806	1
	0.000152	10.0000	0.55000001	0.5499	-0.8426	3.7031	4.7854	6.877	7.447	6.903	6.662	6.565	6.520	6.953	2.91663504	1
	0.000152	10.0000	0.60000002	0.5999	-0.6438	3.7271	4.7203	6.380	6.844	6.385	6.188	6.116	6.088	6.434	2.95739889	1
	0.000152	10.0000	0.61244315	0.6123	-0.5921	3.7340	4.7052	6.250	6.689	6.253	6.068	6.003	5.979	6.302	2.96659446	1
	0.000152	10.0000	0.62712693	0.6270	-0.5310	3.7422	4.6871	6.097	6.509	6.098	5.927	5.870	5.852	6.147	2.97701597	1
	0.000152	10.0000	0.64023674	0.6401	-0.4761	3.7495	4.6704	5.960	6.350	5.961	5.802	5.752	5.739	6.009	2.98594522	1
	0.000152	10.0000	0.64999998	0.6498	-0.4350	3.7549	4.6573	5.857	6.231	5.859	5.709	5.665	5.655	5.907	2.99236870	1
	0.000152	10.0000	0.65813369	0.6579	-0.4004	3.7592	4.6453	5.771	6.132	5.773	5.631	5.591	5.583	5.821	2.99757910	1
	0.000152	10.0000	0.67065650	0.6704	-0.3466	3.7657	4.6259	5.637	5.981	5.641	5.510	5.475	5.472	5.689	3.00536132	1
	0.000152	10.0000	0.68298560	0.6827	-0.2931	3.7720	4.6054	5.503	5.833	5.511	5.389	5.360	5.361	5.557	3.01275253	1
	0.000152	10.0000	0.69394046	0.6936	-0.2448	3.7775	4.5860	5.382	5.701	5.394	5.281	5.257	5.260	5.440	3.01910639	1
	0.000152	10.0000	0.69999999	0.6997	-0.2177	3.7805	4.5746	5.314	5.627	5.329	5.221	5.200	5.205	5.375	3.02253795	1
	0.000152	10.0000	0.70269239	0.7024	-0.2056	3.7818	4.5692	5.284	5.594	5.302	5.196	5.176	5.181	5.347	3.02404451	1
	0.000152	10.0000	0.71438873	0.7140	-0.1517	3.7872	4.5441	5.149	5.447	5.177	5.082	5.068	5.075	5.220	3.03046060	1
	0.000152	10.0000	0.72538227	0.7250	-0.0994	3.7921	4.5182	5.019	5.304	5.054	4.969	4.960	4.969	5.096	3.03630805	1
	0.000152	10.0000	0.73575145	0.7353	-0.0482	3.7967	4.4915	4.891	5.166	4.932	4.855	4.851	4.862	4.973	3.04166818	1
	0.000152	10.0000	0.74480575	0.7443	-0.0016	3.8006	4.4659	4.774	5.040	4.820	4.750	4.750	4.763	4.859	3.04623032	1
	0.000152	10.0000	0.75000000	0.7495	0.0260	3.8028	4.4501	4.705	4.965	4.752	4.686	4.687	4.702	4.791	3.04879928	1
	0.000152	10.0000	0.75741732	0.7569	0.0662	3.8062	4.4274	4.604	4.857	4.652	4.592	4.597	4.613	4.691	3.05240846	1
	0.000152	10.0000	0.76596320	0.7654	0.1154	3.8100	4.3984	4.482	4.725	4.531	4.476	4.485	4.503	4.569	3.05648279	1
	0.000152	10.0000	0.77414644	0.7735	0.1655	3.8136	4.3675	4.356	4.590	4.407	4.358	4.371	4.390	4.444	3.06030226	1
	0.000152	10.0000	0.78179753	0.7811	0.2155	3.8170	4.3353	4.231	4.456	4.282	4.240	4.256	4.276	4.319	3.06380343	1
	0.000152	10.0000	0.79101014	0.7902	0.2807	3.8210	4.2910	4.068	4.282	4.120	4.084	4.104	4.126	4.155	3.06793189	1
	0.000152	10.0000	0.79951513	0.7986	0.3474	3.8243	4.2422	3.901	4.105	3.953	3.923	3.947	3.970	3.987	3.07166052	1
	0.000152	10.0000	0.80000001	0.7991	0.3513	3.8245	4.2393	3.892	4.095	3.943	3.914	3.938	3.961	3.978	3.07187057	1
	0.000152	10.0000	0.80106640	0.8002	0.3597	3.8250	4.2333	3.871	4.073	3.922	3.893	3.918	3.942	3.957	3.07233191	1
	0.000152	10.0000	0.80703419	0.8061	0.4101	3.8271	4.1947	3.745	3.939	3.795	3.771	3.798	3.822	3.830	3.07489014	1
	0.000152	10.0000	0.81364864	0.8126	0.4701	3.8287	4.1446	3.595	3.783	3.644	3.623	3.653	3.677	3.678	3.07768059	1
	0.000152	10.0000	0.81496912	0.8139	0.4830	3.8288	4.1327	3.562	3.749	3.611	3.591	3.620	3.644	3.645	3.07823229	1
	0.000152	10.0000	0.81844115	0.8173	0.5202	3.8284	4.0958	3.469	3.655	3.517	3.496	3.525	3.549	3.551	3.07967353	1
	0.000152	10.0000	0.82223988	0.8210	0.5659	3.8263	4.0437	3.355	3.542	3.400	3.377	3.404	3.427	3.434	3.08123636	1
	0.000152	10.0000	0.82543272	0.8241	0.6087	3.8231	3.9896	3.248	3.440	3.291	3.263	3.287	3.308	3.325	3.08253860	2
	0.000152	10.0000	0.82782906	0.8265	0.6479	3.8174	3.9290	3.150	3.351	3.189	3.152	3.171	3.189	3.224	3.08350921	2
	0.000152	10.0000	0.82966226	0.8282	0.6824	3.8105	3.8677	3.064	3.279	3.099	3.052	3.063	3.079	3.135	3.08424783	2
	0.000152	10.0000	0.83109623	0.8296	0.7136	3.8021	3.8036	2.986	3.218	3.018	2.957	2.961	2.972	3.055	3.08482313	2
	0.000152	10.0000	0.83225149	0.8307	0.7422	3.7924	3.7368	2.914	3.171	2.941	2.863	2.857	2.864	2.980	3.08528519	2
	0.000152	10.0000	0.83321935	0.8317	0.7689	3.7819	3.6687	2.848	3.136	2.866	2.770	2.753	2.756	2.909	3.08567142	2
	0.000152	10.0000	0.83406860	0.8325	0.7943	3.7717	3.6028	2.784	3.099	2.799	2.685	2.659	2.657	2.843	3.08600950	2
	0.000152	10.0000	0.83482254	0.8332	0.8200	3.7626	3.5409	2.720	3.059	2.734	2.606	2.571	2.563	2.779	3.08630896	2
	0.000152	10.0000	0.83556956	0.8339	0.8540	3.7543	3.4745	2.635	2.997	2.649	2.508	2.465	2.453	2.695	3.08660531	2
	0.000152	10.0000	0.83615112	0.8344	0.8902	3.7491	3.4175	2.545	2.923	2.560	2.410	2.361	2.346	2.606	3.08683538	2
	0.000152	10.0000	0.83672333	0.8349	0.9345	3.7449	3.3569	2.434	2.825	2.450	2.293	2.240	2.222	2.496	3.08706164	3
	0.000152	10.0000	0.83726472	0.8354	0.9839	3.7420	3.2961	2.310	2.710	2.328	2.166	2.110	2.090	2.374	3.08727551	3
	0.000152	10.0000	0.83777297	0.8358	1.0342	3.7395	3.2360	2.184	2.593	2.203	2.037	1.979	1.957	2.249	3.08747578	3
	0.000152	10.0000	0.83820069	0.8362	1.0795	3.7377	3.1838	2.071	2.486	2.091	1.923	1.862	1.839	2.137	3.08764434	3
	0.000152	10.0000	0.83860898	0.8365	1.1253	3.7361	3.1314	1.957	2.377	1.978	1.806	1.744	1.720	2.024	3.08780479	3
	0.000152	10.0000	0.83903003	0.8369	1.1761	3.7343	3.0738	1.830	2.256	1.852	1.678	1.614	1.588	1.898	3.08797050	3
	0.000152	10.0000	0.83938587	0.8371	1.2221	3.7328	3.0221	1.715	2.146	1.738	1.562	1.496	1.469	1.784	3.08811021	3
	0.000152	10.0000	0.83973908	0.8374	1.2713	3.7313	2.9667	1.592	2.028	1.616	1.437	1.370	1.342	1.662	3.08824873	3
	0.000152	10.0000	0.84006083	0.8376	1.3200	3.7297	2.9118	1.470	1.911	1.495	1.314	1.245	1.216	1.541	3.08837485	3
	0.000152	10.0000	0.84036016	0.8377	1.3692	3.7282	2.8566	1.347	1.793	1.373	1.190	1.120	1.089	1.420	3.08849216	3
	0.000152	10.0000	0.84062880	0.8378	1.4171	3.7267	2.8028	1.227	1.679	1.255	1.069	0.997	0.966	1.301	3.08859730	3
	0.000152	10.0000	0.84087205	0.8379	1.4642	3.7251	2.7495	1.110	1.567	1.138	0.950	0.877	0.844	1.184	3.08869243	3
	0.000152	10.0000	0.84108913	0.8380	1.5099	3.7236	2.6978	0.995	1.458	1.025	0.834	0.760	0.726	1.071	3.08877730	3
	0.000152	10.0000	0.84129661	0.8380	1.5576	3.7221	2.6439	0.876	1.344	0.908	0.714	0.638	0.603	0.954	3.08885837	3
	0.000152	10.0000	0.84148085	0.8380	1.6036	3.7205	2.5915	0.761	1.235	0.794	0.598	0.520	0.484	0.840	3.08893037	3
	0.000152	10.0000	0.84164572	0.8380	1.6485	3.7189	2.5404	0.649	1.128	0.684	0.485	0.405	0.368	0.729	3.08899474	3
	0.000152	10.0000	0.84180093	0.8379	1.6945	3.7173	2.4880	0.534	1.020	0.570	0.369	0.288	0.249	0.616	3.08905530	3
	0.000152	10.0000	0.84193975	0.8378	1.7393	3.7157	2.4367	0.422	0.914	0.459	0.255	0.172	0.133	0.505	3.08910942	3
	0.000152	10.0000	0.84206319	0.8377	1.7826	3.7141	2.3870	0.313	0.813	0.352	0.145	0.061	0.020	0.398	3.08915758	3
	0.000152	10.0000	0.84218061	0.8375	1.8272	3.7125	2.3359	0.202	0.708	0.242	0.032	-0.054	-0.095	0.288	3.08920336	3
	0.000152	10.0000	0.84228665	0.8373	1.8706	3.7109	2.2859	0.093	0.606	0.135	-0.078	-0.165	-0.209	0.180	3.08924460	3
	0.000152	10.0000	0.84238362	0.8371	1.9136	3.7092	2.2362	-0.014	0.506	0.029	-0.187	-0.276	-0.320	0.075	3.08928251	3
	0.000152	10.0000	0.84247422	0.8368	1.9569	3.7076	2.1862	-0.122	0.406	-0.077	-0.296	-0.387	-0.433	-0.032	3.08931780	3
	0.000152	10.0000	0.84255695	0.8366	1.9997	3.7060	2.1366	-0.229	0.307	-0.182	-0.404	-0.497	-0.544	-0.137	3.08934999	3
	0.000152	10.0000	0.84263003	0.8363	2.0405	3.7043	2.0890	-0.331	0.213	-0.282	-0.507	-0.602	-0.650	-0.237	3.08937836	3
	0.000152	10.0000	0.84270000	0.8359	2.0826	3.7026	2.0401	-0.437	0.116	-0.385	-0.613	-0.710	-0.759	-0.340	3.08940578	3
	0.000152	10.0000	0.84276432	0.8355	2.1241	3.7010	1.9918	-0.540	0.020	-0.487	-0.718	-0.817	-0.867	-0.441	3.08943081	3
	0.000152	10.0000	0.84281981	0.8351	2.1624	3.6993	1.9467	-0.636	-0.067	-0.580	-0.815	-0.915	-0.967	-0.535	3.08945227	3
	0.000152	10.0000	0.84287351	0.8347	2.2008	3.6978	1.9019	-0.732	-0.154	-0.674	-0.912	-1.014	-1.067	-0.629	3.08947325	3
	0.000152	10.0000	0.84292966	0.8341	2.2377	3.6963	1.8587	-0.824	-0.238	-0.765	-1.005	-1.109	-1.163	-0.719	3.08949518	3
	0.000152	10.0000	0.84297723	0.8336	2.2577	3.6955	1.8353	-0.874	-0.283	-0.813	-1.055	-1.160	-1.215	-0.768	3.08951354	3
	0.000152	10.0000	0.84301674	0.8332	2.2443	3.6964	1.8520	-0.841	-0.255	-0.781	-1.022	-1.126	-1.179	-0.736	3.08952904	3
	0.000152	10.0000	0.84303159	0.8330	2.2583	3.6957	1.8353	-0.876	-0.286	-0.815	-1.057	-1.162	-1.216	-0.770	3.08953476	3
	0.000152	10.0000	0.84307593	0.8325	2.3021	3.6938	1.7834	-0.985	-0.385	-0.922	-1.167	-1.275	-1.330	-0.876	3.08955193	3
	0.000152	10.0000	0.84311932	0.8318	2.3473	3.6919	1.7304	-1.098	-0.487	-1.032	-1.281	-1.391	-1.448	-0.986	3.08956885	3
	0.000152	10.0000	0.84315699	0.8312	2.3892	3.6899	1.6803	-1.203	-0.580	-1.134	-1.387	-1.499	-1.558	-1.088	3.08958340	3
	0.000152	10.0000	0.84319335	0.8304	2.4325	3.6880	1.6287	-1.311	-0.676	-1.238	-1.496	-1.610	-1.670	-1.193	3.08959770	3
	0.000152	10.0000	0.84322745	0.8296	2.4764	3.6860	1.5764	-1.421	-0.772	-1.344	-1.605	-1.722	-1.784	-1.298	3.08961082	3
	0.000152	10.0000	0.84325695	0.8288	2.5172	3.6840	1.5274	-1.523	-0.862	-1.442	-1.708	-1.827	-1.890	-1.396	3.08962226	3
	0.000152	10.0000	0.84328634	0.8278	2.5608	3.6820	1.4753	-1.632	-0.957	-1.547	-1.817	-1.938	-2.004	-1.501	3.08963370	3
	0.000152	10.0000	0.84331292	0.8267	2.6030	3.6800	1.4242	-1.738	-1.048	-1.648	-1.923	-2.047	-2.114	-1.603	3.08964419	3
	0.000152	10.0000	0.84333688	0.8256	2.6439	3.6779	1.3746	-1.840	-1.135	-1.745	-2.025	-2.151	-2.220	-1.700	3.08965349	3
	0.000152	10.0000	0.84336084	0.8243	2.6878	3.6758	1.3215	-1.950	-1.229	-1.849	-2.134	-2.264	-2.335	-1.804	3.08966279	3
	0.000152	10.0000	0.84338564	0.8227	2.7371	3.6733	1.2614	-2.073	-1.332	-1.966	-2.257	-2.390	-2.463	-1.921	3.08967233	3
	0.000152	10.0000	0.84340525	0.8212	2.7790	3.6711	1.2100	-2.177	-1.420	-2.065	-2.361	-2.497	-2.572	-2.020	3.08967996	3
	0.000152	10.0000	0.84342319	0.8196	2.8203	3.6690	1.1594	-2.281	-1.505	-2.162	-2.464	-2.602	-2.679	-2.117	3.08968711	3
	0.000152	10.0000	0.84344310	0.8175	2.8694	3.6663	1.0984	-2.403	-1.604	-2.276	-2.585	-2.727	-2.806	-2.232	3.08969474	3
	0.000152	10.0000	0.84345925	0.8154	2.9126	3.6641	1.0451	-2.511	-1.693	-2.377	-2.691	-2.837	-2.918	-2.333	3.08970094	3
	0.000152	10.0000	0.84347564	0.8129	2.9598	3.6615	0.9861	-2.630	-1.786	-2.487	-2.809	-2.958	-3.041	-2.443	3.08970737	3
	0.000152	10.0000	0.84348959	0.8105	3.0027	3.6590	0.9321	-2.737	-1.867	-2.587	-2.917	-3.069	-3.155	-2.544	3.08971286	3
	0.000152	10.0000	0.84350383	0.8074	3.0497	3.6564	0.8729	-2.854	-1.954	-2.696	-3.034	-3.191	-3.279	-2.653	3.08971834	3
	0.000152	10.0000	0.84351557	0.8045	3.0911	3.6539	0.8202	-2.958	-2.028	-2.791	-3.138	-3.298	-3.389	-2.749	3.08972287	3
	0.000152	10.0000	0.84352821	0.8007	3.1388	3.6511	0.7589	-3.077	-2.112	-2.900	-3.258	-3.422	-3.516	-2.858	3.08972788	3
	0.000152	10.0000	0.84354031	0.7963	3.1877	3.6482	0.6960	-3.199	-2.195	-3.011	-3.379	-3.549	-3.645	-2.970	3.08973241	3
	0.000152	10.0000	0.84355152	0.7915	3.2345	3.6454	0.6355	-3.316	-2.274	-3.116	-3.495	-3.669	-3.769	-3.076	3.08973694	3
	0.000152	10.0000	0.84355730	0.7887	3.2574	3.6440	0.6056	-3.373	-2.312	-3.167	-3.552	-3.728	-3.829	-3.128	3.08973908	4
	0.000152	10.0000	0.84355730	0.7886	1.7157	3.8378	2.9222	0.481	0.546	0.479	0.501	0.539	0.553	0.506	3.08973908	4
	0.000152	10.0000	0.84355903	0.7886	1.7283	3.8304	2.8802	0.449	0.532	0.445	0.452	0.484	0.497	0.473	3.08973980	4
	0.000152	10.0000	0.84361964	0.7886	1.7402	3.8257	2.8493	0.419	0.515	0.414	0.413	0.440	0.452	0.443	3.08976340	4
	0.000152	10.0000	0.84367859	0.7886	1.7410	3.8262	2.8508	0.418	0.511	0.412	0.412	0.440	0.452	0.441	3.08978629	4
	0.000152	10.0000	0.84373808	0.7886	1.7415	3.8270	2.8535	0.416	0.508	0.411	0.412	0.441	0.453	0.440	3.08980942	4
	0.000152	10.0000	0.84379882	0.7886	1.7419	3.8282	2.8576	0.415	0.504	0.410	0.413	0.443	0.456	0.439	3.08983302	4
	0.000152	10.0000	0.84385467	0.7886	1.7421	3.8293	2.8621	0.415	0.500	0.410	0.415	0.446	0.459	0.438	3.08985472	4
	0.000152	10.0000	0.84391570	0.7886	1.7421	3.8307	2.8676	0.415	0.496	0.410	0.418	0.450	0.463	0.438	3.08987832	4
	0.000152	10.0000	0.84397137	0.7886	1.7421	3.8321	2.8730	0.415	0.493	0.411	0.421	0.455	0.468	0.438	3.08990002	4
	0.000152	10.0000	0.84403282	0.7886	1.7420	3.8334	2.8785	0.415	0.489	0.411	0.425	0.459	0.472	0.438	3.08992386	4
	0.000152	10.0000	0.84409356	0.7885	1.7421	3.8346	2.8832	0.415	0.486	0.411	0.427	0.462	0.476	0.438	3.08994722	4
	0.000152	10.0000	0.84415215	0.7885	1.7423	3.8354	2.8861	0.414	0.483	0.411	0.429	0.464	0.478	0.438	3.08997011	4
	0.000152	10.0000	0.84421331	0.7885	1.7427	3.8358	2.8873	0.413	0.481	0.410	0.428	0.465	0.478	0.437	3.08999372	4
	0.000152	10.0000	0.84426928	0.7885	1.7433	3.8357	2.8864	0.412	0.480	0.409	0.427	0.463	0.476	0.435	3.09001541	4
	0.000152	10.0000	0.84432590	0.7885	1.7441	3.8352	2.8834	0.410	0.479	0.406	0.423	0.459	0.472	0.433	3.09003735	4
	0.000152	10.0000	0.84433246	0.7885	1.7442	3.8351	2.8828	0.409	0.479	0.406	0.423	0.458	0.472	0.433	3.09003997	4
	0.000152	10.0000	0.84438616	0.7885	1.7453	3.8339	2.8769	0.407	0.479	0.403	0.417	0.452	0.465	0.430	3.09006071	4
	0.000152	10.0000	0.84444642	0.7885	1.7469	3.8318	2.8672	0.403	0.481	0.398	0.409	0.442	0.455	0.426	3.09008408	4
	0.000152	10.0000	0.84450418	0.7885	1.7487	3.8292	2.8549	0.398	0.483	0.393	0.398	0.429	0.442	0.421	3.09010649	4
	0.000152	10.0000	0.84456241	0.7885	1.7510	3.8259	2.8393	0.393	0.487	0.387	0.386	0.413	0.425	0.416	3.09012914	4
	0.000152	10.0000	0.84462070	0.7885	1.7536	3.8219	2.8206	0.386	0.491	0.379	0.371	0.395	0.406	0.410	3.09015179	4
	0.000152	10.0000	0.84467697	0.7885	1.7566	3.8174	2.7997	0.378	0.496	0.371	0.355	0.374	0.384	0.403	3.09017348	4
	0.000152	10.0000	0.84473276	0.7884	1.7599	3.8124	2.7766	0.370	0.502	0.362	0.337	0.352	0.360	0.395	3.09019518	4
	0.000152	10.0000	0.84473807	0.7884	1.7603	3.8120	2.7743	0.369	0.502	0.362	0.335	0.349	0.358	0.394	3.09019732	4
	0.000152	10.0000	0.84478855	0.7884	1.7636	3.8071	2.7517	0.361	0.508	0.353	0.317	0.327	0.335	0.387	3.09021688	4
	0.000152	10.0000	0.84484690	0.7884	1.7678	3.8015	2.7250	0.350	0.514	0.342	0.296	0.301	0.307	0.377	3.09023929	4
	0.000152	10.0000	0.84490395	0.7884	1.7723	3.7960	2.6984	0.339	0.523	0.332	0.276	0.275	0.279	0.368	3.09026146	4
	0.000152	10.0000	0.84495759	0.7883	1.7770	3.7905	2.6717	0.328	0.532	0.322	0.255	0.249	0.251	0.360	3.09028220	4
	0.000152	10.0000	0.84501487	0.7883	1.7824	3.7847	2.6431	0.314	0.544	0.312	0.233	0.222	0.221	0.351	3.09030437	4
	0.000152	10.0000	0.84506947	0.7883	1.7873	3.7800	2.6192	0.302	0.553	0.302	0.213	0.198	0.195	0.343	3.09032559	4
	0.000152	10.0000	0.84512335	0.7882	1.7937	3.7753	2.5940	0.286	0.553	0.288	0.190	0.170	0.165	0.329	3.09034634	4
	0.000152	10.0000	0.84517777	0.7882	1.8005	3.7710	2.5703	0.269	0.550	0.272	0.167	0.142	0.135	0.314	3.09036756	4
	0.000152	10.0000	0.84523165	0.7881	1.8066	3.7678	2.5510	0.253	0.545	0.258	0.147	0.119	0.110	0.300	3.09038830	4
	0.000152	10.0000	0.84529132	0.7881	1.8125	3.7651	2.5345	0.239	0.539	0.244	0.129	0.098	0.088	0.286	3.09041142	4
	0.000152	10.0000	0.84534699	0.7880	1.8273	3.7595	2.4973	0.202	0.521	0.209	0.084	0.047	0.035	0.252	3.09043288	4
	0.000152	10.0000	0.84540063	0.7879	1.8490	3.7533	2.4508	0.148	0.488	0.157	0.022	-0.022	-0.038	0.201	3.09045362	4
	0.000152	10.0000	0.84543902	0.7879	1.8771	3.7465	2.3953	0.077	0.440	0.090	-0.058	-0.108	-0.128	0.134	3.09046865	4
	0.000152	10.0000	0.84545898	0.7878	1.9066	3.7403	2.3413	0.004	0.388	0.019	-0.139	-0.195	-0.219	0.064	3.09047627	4
	0.000152	10.0000	0.84546870	0.7878	1.9383	3.7346	2.2865	-0.076	0.331	-0.057	-0.225	-0.288	-0.315	-0.012	3.09048009	4
	0.000152	10.0000	0.84547341	0.7878	1.9739	3.7291	2.2290	-0.165	0.264	-0.142	-0.321	-0.389	-0.419	-0.097	3.09048176	4
	0.000152	10.0000	0.84547555	0.7878	2.0090	3.7247	2.1762	-0.253	0.194	-0.227	-0.413	-0.486	-0.519	-0.182	3.09048271	4
	0.000152	10.0000	0.84547597	0.7878	2.0196	3.7236	2.1610	-0.279	0.172	-0.252	-0.440	-0.514	-0.549	-0.207	3.09048295	7
	0.000152	10.0000	0.84547687	0.7878	2.0487	3.7209	2.1213	-0.352	0.110	-0.323	-0.516	-0.592	-0.628	-0.278	3.09048319	7
	0.000152	10.0000	0.84547788	0.7878	2.0881	3.7177	2.0691	-0.450	0.026	-0.419	-0.617	-0.697	-0.735	-0.373	3.09048367	7
	0.000152	10.0000	0.84547883	0.7878	2.1247	3.7149	2.0215	-0.542	-0.053	-0.507	-0.711	-0.794	-0.834	-0.462	3.09048390	7
	0.000152	10.0000	0.84547985	0.7878	2.1581	3.7126	1.9789	-0.625	-0.126	-0.589	-0.797	-0.882	-0.924	-0.543	3.09048438	7
	0.000152	10.0000	0.84548122	0.7878	2.1725	3.7118	1.9609	-0.661	-0.158	-0.624	-0.834	-0.920	-0.963	-0.578	3.09048486	7
	0.000152	10.0000	0.84548444	0.7877	2.1641	3.7126	1.9726	-0.640	-0.141	-0.604	-0.812	-0.897	-0.939	-0.558	3.09048605	7
	0.000152	10.0000	0.84549093	0.7877	2.1506	3.7134	1.9893	-0.607	-0.111	-0.571	-0.777	-0.862	-0.903	-0.525	3.09048867	7
	0.000152	10.0000	0.84551734	0.7875	2.1639	3.7121	1.9709	-0.640	-0.138	-0.603	-0.812	-0.897	-0.940	-0.557	3.09049892	7
	0.000152	10.0000	0.84553796	0.7873	2.2059	3.7092	1.9170	-0.745	-0.229	-0.705	-0.920	-1.008	-1.053	-0.659	3.09050679	7
	0.000152	10.0000	0.84555846	0.7871	2.2572	3.7058	1.8520	-0.873	-0.340	-0.829	-1.050	-1.143	-1.190	-0.783	3.09051466	7
	0.000152	10.0000	0.84557796	0.7868	2.3049	3.7029	1.7924	-0.992	-0.444	-0.945	-1.172	-1.268	-1.317	-0.899	3.09052229	7
	0.000152	10.0000	0.84559548	0.7866	2.3484	3.7003	1.7384	-1.101	-0.539	-1.050	-1.283	-1.382	-1.433	-1.004	3.09052896	7
	0.000152	10.0000	0.84561110	0.7863	2.3913	3.6978	1.6854	-1.208	-0.632	-1.154	-1.391	-1.494	-1.546	-1.108	3.09053516	7
	0.000152	10.0000	0.84562480	0.7860	2.4335	3.6954	1.6333	-1.314	-0.723	-1.255	-1.498	-1.603	-1.658	-1.209	3.09054041	7
	0.000152	10.0000	0.84563690	0.7857	2.4748	3.6930	1.5825	-1.417	-0.813	-1.355	-1.602	-1.710	-1.766	-1.309	3.09054518	7
	0.000152	10.0000	0.84564781	0.7854	2.5160	3.6907	1.5318	-1.520	-0.902	-1.454	-1.706	-1.817	-1.875	-1.408	3.09054923	7
	0.000152	10.0000	0.84565759	0.7850	2.5571	3.6884	1.4813	-1.623	-0.989	-1.552	-1.809	-1.922	-1.983	-1.506	3.09055305	7
	0.000152	10.0000	0.84566671	0.7846	2.5985	3.6860	1.4304	-1.726	-1.077	-1.651	-1.913	-2.029	-2.092	-1.605	3.09055662	7
	0.000152	10.0000	0.84567505	0.7842	2.6397	3.6837	1.3796	-1.829	-1.164	-1.749	-2.016	-2.136	-2.200	-1.703	3.09055972	7
	0.000152	10.0000	0.84568292	0.7838	2.6808	3.6813	1.3287	-1.932	-1.250	-1.846	-2.119	-2.242	-2.308	-1.801	3.09056282	7
	0.000152	10.0000	0.84569037	0.7833	2.7216	3.6790	1.2782	-2.034	-1.335	-1.943	-2.221	-2.347	-2.415	-1.897	3.09056568	7
	0.000152	10.0000	0.84569758	0.7827	2.7622	3.6766	1.2279	-2.135	-1.418	-2.038	-2.322	-2.450	-2.521	-1.993	3.09056854	7
	0.000152	10.0000	0.84570450	0.7821	2.8036	3.6742	1.1763	-2.239	-1.503	-2.135	-2.425	-2.557	-2.629	-2.090	3.09057117	7
	0.000152	10.0000	0.84571075	0.7815	2.8464	3.6716	1.1230	-2.346	-1.589	-2.235	-2.531	-2.666	-2.741	-2.190	3.09057355	7
	0.000152	10.0000	0.84571600	0.7808	2.8876	3.6691	1.0714	-2.449	-1.672	-2.331	-2.633	-2.772	-2.849	-2.286	3.09057570	7
	0.000152	10.0000	0.84572053	0.7802	2.9305	3.6665	1.0176	-2.556	-1.756	-2.430	-2.739	-2.881	-2.960	-2.385	3.09057736	7
	0.000152	10.0000	0.84572446	0.7795	2.9722	3.6639	0.9651	-2.660	-1.835	-2.527	-2.843	-2.989	-3.071	-2.482	3.09057903	7
	0.000152	10.0000	0.84572828	0.7787	3.0135	3.6612	0.9128	-2.764	-1.911	-2.623	-2.948	-3.097	-3.181	-2.579	3.09058046	7
	0.000152	10.0000	0.84573221	0.7778	3.0658	3.6578	0.8464	-2.894	-2.004	-2.742	-3.078	-3.233	-3.320	-2.699	3.09058189	7
	0.000152	10.0000	0.84573561	0.7767	3.1857	3.6494	0.6924	-3.194	-2.203	-3.012	-3.377	-3.545	-3.640	-2.970	3.09058332	7
	0.000152	10.0000	0.84573627	0.7764	3.2483	3.6451	0.6121	-3.351	-2.301	-3.149	-3.531	-3.706	-3.805	-3.109	3.09058356	7
	0.000152	10.0000	0.84573662	0.7762	3.2757	3.6431	0.5769	-3.419	-2.343	-3.209	-3.598	-3.776	-3.878	-3.170	3.09058356	7
	0.000152	10.0000	0.84573692	0.7760	3.2891	3.6422	0.5596	-3.453	-2.364	-3.239	-3.631	-3.811	-3.913	-3.200	3.09058380	7
	0.000152	10.0000	0.84573704	0.7759	3.2917	3.6420	0.5561	-3.459	-2.368	-3.245	-3.637	-3.817	-3.920	-3.206	3.09058380	8
