# File generated by CMD 3.0 (http://stev.oapd.inaf.it/cmd) on Wed Jul 26 16:42:52 CEST 2017
# PARSEC isochrones, release v1.2S
# Basic references: Bressan et al. (2012), MNRAS, 427, 127 + Chen et al. (2014, 2015), MNRAS, 444, 2525 + MNRAS, 452, 1068 + Tang et al. (2014), MNRAS, 445, 4287
# Warning: you choose not to include the TP-AGB phase!
# Photometric system: Pan-STARRS1
# Using NBC version of bolometric corrections as in Chen et al. (2014), MNRAS, 444, 2525
# BCs of Carbon stars derive from Aringer et al. (2009, A&A 503, 913)
# O-rich circumstellar dust ignored
# C-rich circumstellar dust ignored
# IMF: Chabrier (2001) lognormal 
# On RGB, assumed Reimers mass loss with efficiency eta=0.2
# Kind of output: isochrone tables
#	Isochrone  Z = 0.00152	Y = 0.25121	[M/H] = -1.008	eta_R = 0.200	Age = 	2.0000e+09 yr
#      Z	log(age/yr)	M_ini   	M_act	logL/Lo	logTe	logG	mbol    gP1     rP1     iP1     zP1     yP1     wP1	int_IMF	stage
	0.001520	9.3010	0.09000000	0.0900	-3.2411	3.4436	5.3599	12.873	17.334	15.613	13.397	12.494	12.169	14.504	1.46765435	0
	0.001520	9.3010	0.09210183	0.0921	-3.1896	3.4509	5.3477	12.744	17.001	15.302	13.210	12.355	12.044	14.293	1.49011588	1
	0.001520	9.3010	0.09761671	0.0976	-3.0576	3.4696	5.3155	12.414	16.161	14.506	12.745	12.006	11.731	13.754	1.54682589	1
	0.001520	9.3010	0.10000000	0.1000	-3.0028	3.4773	5.3022	12.277	15.828	14.192	12.557	11.864	11.602	13.534	1.57040203	1
	0.001520	9.3010	0.10314014	0.1031	-2.9552	3.4830	5.2905	12.158	15.568	13.947	12.403	11.742	11.489	13.355	1.60061574	1
	0.001520	9.3010	0.12000000	0.1200	-2.7218	3.5106	5.2334	11.575	14.367	12.830	11.673	11.155	10.938	12.502	1.74782515	1
	0.001520	9.3010	0.14000000	0.1400	-2.5385	3.5283	5.1878	11.116	13.575	12.106	11.141	10.698	10.502	11.896	1.89584959	1
	0.001520	9.3010	0.16000000	0.1600	-2.4010	3.5395	5.1530	10.772	13.045	11.624	10.758	10.356	10.171	11.470	2.02115250	1
	0.001520	9.3010	0.20000000	0.2000	-2.1933	3.5543	5.1014	10.253	12.304	10.948	10.193	9.840	9.670	10.854	2.22178221	1
	0.001520	9.3010	0.25000000	0.2500	-2.0005	3.5661	5.0529	9.771	11.658	10.356	9.681	9.363	9.204	10.301	2.40809011	1
	0.001520	9.3010	0.30000001	0.3000	-1.8450	3.5751	5.0124	9.382	11.155	9.897	9.273	8.978	8.827	9.866	2.54750419	1
	0.001520	9.3010	0.31268591	0.3127	-1.8045	3.5769	4.9974	9.281	11.031	9.782	9.168	8.878	8.729	9.755	2.57745123	1
	0.001520	9.3010	0.34999999	0.3500	-1.6923	3.5820	4.9546	9.001	10.689	9.467	8.878	8.601	8.455	9.451	2.65552020	1
	0.001520	9.3010	0.40000001	0.4000	-1.5475	3.5927	4.9106	8.639	10.205	9.041	8.499	8.244	8.107	9.043	2.74133730	1
	0.001520	9.3010	0.44999999	0.4500	-1.3800	3.6080	4.8550	8.220	9.625	8.546	8.059	7.832	7.708	8.566	2.81098008	1
	0.001520	9.3010	0.50000000	0.5000	-1.1953	3.6306	4.8065	7.758	8.936	7.986	7.575	7.387	7.280	8.027	2.86847806	1
	0.001520	9.3010	0.55000001	0.5500	-1.0046	3.6599	4.7744	7.281	8.171	7.394	7.075	6.934	6.851	7.451	2.91663504	1
	0.001520	9.3010	0.60000002	0.6000	-0.8283	3.6869	4.7441	6.841	7.503	6.874	6.621	6.517	6.456	6.934	2.95739889	1
	0.001520	9.3010	0.63563520	0.6356	-0.7081	3.7057	4.7241	6.540	7.083	6.536	6.318	6.235	6.190	6.595	2.98285127	1
	0.001520	9.3010	0.64999998	0.6500	-0.6613	3.7131	4.7165	6.423	6.927	6.409	6.204	6.128	6.088	6.467	2.99236870	1
	0.001520	9.3010	0.69542038	0.6954	-0.5174	3.7360	4.6938	6.064	6.466	6.027	5.859	5.806	5.784	6.083	3.01994991	1
	0.001520	9.3010	0.69999999	0.7000	-0.5034	3.7383	4.6915	6.028	6.423	5.991	5.826	5.775	5.754	6.047	3.02253795	1
	0.001520	9.3010	0.72742820	0.7274	-0.4209	3.7513	4.6779	5.822	6.172	5.781	5.636	5.598	5.585	5.835	3.03737736	1
	0.001520	9.3010	0.75000000	0.7499	-0.3550	3.7616	4.6665	5.658	5.977	5.617	5.488	5.459	5.454	5.670	3.04879928	1
	0.001520	9.3010	0.76076221	0.7607	-0.3244	3.7655	4.6578	5.581	5.890	5.542	5.419	5.394	5.390	5.594	3.05401373	1
	0.001520	9.3010	0.80000001	0.7999	-0.2154	3.7793	4.6258	5.309	5.583	5.277	5.175	5.163	5.169	5.327	3.07187057	1
	0.001520	9.3010	0.83482164	0.8347	-0.1213	3.7900	4.5930	5.073	5.321	5.055	4.973	4.971	4.980	5.102	3.08630872	1
	0.001520	9.3010	0.85000002	0.8499	-0.0810	3.7945	4.5785	4.972	5.210	4.959	4.885	4.887	4.898	5.005	3.09222293	1
	0.001520	9.3010	0.87437981	0.8743	-0.0174	3.8014	4.5548	4.813	5.036	4.806	4.744	4.753	4.767	4.851	3.10128236	1
	0.001520	9.3010	0.89999998	0.8999	0.0484	3.8085	4.5296	4.649	4.857	4.647	4.596	4.611	4.629	4.690	3.11026096	1
	0.001520	9.3010	0.92157793	0.9214	0.1025	3.8144	4.5095	4.514	4.710	4.516	4.474	4.495	4.516	4.558	3.11742663	1
	0.001520	9.3010	0.94999999	0.9498	0.1729	3.8220	4.4828	4.338	4.518	4.346	4.316	4.344	4.368	4.386	3.12635612	1
	0.001520	9.3010	0.96013069	0.9599	0.1975	3.8248	4.4740	4.276	4.450	4.286	4.260	4.292	4.316	4.325	3.12940812	1
	0.001520	9.3010	1.00000000	0.9998	0.2938	3.8357	4.4390	4.035	4.186	4.052	4.045	4.087	4.115	4.089	3.14080405	1
	0.001520	9.3010	1.00561023	1.0054	0.3071	3.8374	4.4348	4.002	4.149	4.020	4.015	4.059	4.088	4.056	3.14233279	1
	0.001520	9.3010	1.04179120	1.0415	0.3924	3.8480	4.4074	3.789	3.912	3.813	3.826	3.881	3.913	3.846	3.15176606	1
	0.001520	9.3010	1.04999995	1.0497	0.4117	3.8504	4.4010	3.741	3.859	3.766	3.784	3.841	3.874	3.799	3.15380883	1
	0.001520	9.3010	1.06184185	1.0615	0.4388	3.8543	4.3944	3.673	3.783	3.701	3.725	3.786	3.820	3.733	3.15669537	1
	0.001520	9.3010	1.08665633	1.0863	0.4954	3.8625	4.3804	3.531	3.624	3.565	3.603	3.673	3.708	3.595	3.16252422	1
	0.001520	9.3010	1.10000002	1.0997	0.5255	3.8668	4.3730	3.456	3.540	3.493	3.539	3.613	3.649	3.521	3.16554141	1
	0.001520	9.3010	1.13356054	1.1332	0.5999	3.8793	4.3615	3.270	3.330	3.317	3.386	3.473	3.509	3.342	3.17279148	1
	0.001520	9.3010	1.14999998	1.1496	0.6363	3.8852	4.3550	3.179	3.228	3.231	3.311	3.404	3.440	3.254	3.17617631	1
	0.001520	9.3010	1.17608249	1.1757	0.6928	3.8944	4.3449	3.038	3.070	3.099	3.197	3.298	3.334	3.119	3.18133712	1
	0.001520	9.3010	1.20000005	1.1996	0.7445	3.9022	4.3335	2.909	2.928	2.980	3.092	3.200	3.236	2.996	3.18585706	1
	0.001520	9.3010	1.20612204	1.2057	0.7576	3.9041	4.3301	2.876	2.893	2.950	3.066	3.176	3.211	2.966	3.18698311	1
	0.001520	9.3010	1.25000000	1.2495	0.8518	3.9160	4.2988	2.640	2.642	2.735	2.873	2.992	3.025	2.745	3.19470429	1
	0.001520	9.3010	1.25370944	1.2532	0.8597	3.9170	4.2961	2.621	2.621	2.717	2.857	2.976	3.010	2.727	3.19533038	1
	0.001520	9.3010	1.29304624	1.2925	0.9436	3.9256	4.2602	2.411	2.406	2.527	2.682	2.807	2.839	2.532	3.20172286	1
	0.001520	9.3010	1.29999995	1.2995	0.9585	3.9268	4.2524	2.374	2.368	2.493	2.650	2.776	2.808	2.497	3.20280719	1
	0.001520	9.3010	1.30483818	1.3043	0.9692	3.9271	4.2446	2.347	2.340	2.467	2.625	2.751	2.782	2.471	3.20355415	1
	0.001520	9.3010	1.32412720	1.3236	1.0123	3.9268	4.2067	2.239	2.230	2.358	2.516	2.641	2.672	2.362	3.20647001	1
	0.001520	9.3010	1.34479344	1.3442	1.0589	3.9247	4.1584	2.123	2.110	2.235	2.392	2.515	2.544	2.239	3.20948887	1
	0.001520	9.3010	1.35000002	1.3494	1.0707	3.9238	4.1448	2.093	2.079	2.203	2.359	2.481	2.510	2.207	3.21023273	1
	0.001520	9.3010	1.35479581	1.3542	1.0815	3.9229	4.1319	2.066	2.051	2.174	2.328	2.450	2.479	2.178	3.21091247	1
	0.001520	9.3010	1.37041545	1.3698	1.1173	3.9175	4.0793	1.977	1.959	2.069	2.216	2.334	2.362	2.076	3.21308851	1
	0.001520	9.3010	1.38543105	1.3848	1.1523	3.9102	4.0200	1.889	1.871	1.964	2.100	2.212	2.240	1.973	3.21512794	1
	0.001520	9.3010	1.39815414	1.3975	1.1837	3.9028	3.9630	1.811	1.796	1.870	1.995	2.101	2.128	1.883	3.21681714	1
	0.001520	9.3010	1.39999998	1.3994	1.1884	3.9017	3.9543	1.799	1.784	1.856	1.979	2.084	2.111	1.869	3.21705914	1
	0.001520	9.3010	1.40228212	1.4017	1.1941	3.9003	3.9437	1.785	1.771	1.839	1.960	2.064	2.091	1.853	3.21735764	1
	0.001520	9.3010	1.41039383	1.4098	1.2173	3.8968	3.9092	1.727	1.715	1.775	1.890	1.991	2.018	1.790	3.21840954	1
	0.001520	9.3010	1.41452384	1.4139	1.2373	3.9028	3.9143	1.677	1.658	1.735	1.861	1.966	1.993	1.747	3.21893978	1
	0.001520	9.3010	1.41673088	1.4161	1.2553	3.9124	3.9353	1.632	1.605	1.710	1.852	1.964	1.990	1.717	3.21922159	1
	0.001520	9.3010	1.41751993	1.4169	1.2712	3.9225	3.9603	1.592	1.564	1.696	1.854	1.973	1.998	1.698	3.21932220	1
	0.001520	9.3010	1.41790795	1.4173	1.2890	3.9327	3.9835	1.548	1.525	1.683	1.855	1.979	2.005	1.680	3.21937156	1
	0.001520	9.3010	1.41811824	1.4175	1.3097	3.9425	4.0017	1.496	1.487	1.664	1.848	1.978	2.005	1.657	3.21939826	1
	0.001520	9.3010	1.41826773	1.4176	1.3314	3.9507	4.0129	1.442	1.448	1.639	1.833	1.968	1.995	1.630	3.21941733	2
	0.001520	9.3010	1.41829813	1.4177	1.3263	3.9486	4.0097	1.454	1.457	1.644	1.836	1.969	1.996	1.635	3.21942115	2
	0.001520	9.3010	1.41837442	1.4177	1.3073	3.9386	3.9887	1.502	1.487	1.656	1.836	1.964	1.990	1.651	3.21943092	2
	0.001520	9.3010	1.41845715	1.4178	1.3137	3.9271	3.9363	1.486	1.457	1.603	1.768	1.889	1.914	1.602	3.21944141	2
	0.001520	9.3010	1.41858208	1.4179	1.3332	3.9153	3.8696	1.437	1.404	1.522	1.671	1.783	1.807	1.526	3.21945739	2
	0.001520	9.3010	1.41876376	1.4181	1.3470	3.9033	3.8080	1.403	1.374	1.460	1.590	1.694	1.717	1.470	3.21948051	2
	0.001520	9.3010	1.41902590	1.4184	1.3558	3.8911	3.7502	1.381	1.363	1.416	1.525	1.619	1.643	1.431	3.21951365	2
	0.001520	9.3010	1.41938531	1.4187	1.3615	3.8785	3.6944	1.366	1.368	1.385	1.472	1.555	1.579	1.405	3.21955943	2
	0.001520	9.3010	1.41982412	1.4192	1.3655	3.8656	3.6388	1.356	1.380	1.361	1.425	1.497	1.520	1.386	3.21961522	2
	0.001520	9.3010	1.42028880	1.4196	1.3682	3.8528	3.5851	1.349	1.399	1.344	1.384	1.444	1.467	1.373	3.21967411	2
	0.001520	9.3010	1.42072773	1.4201	1.3696	3.8408	3.5359	1.346	1.422	1.333	1.352	1.401	1.421	1.365	3.21972966	2
	0.001520	9.3010	1.42111683	1.4205	1.3697	3.8302	3.4935	1.346	1.446	1.326	1.327	1.365	1.384	1.361	3.21977901	2
	0.001520	9.3010	1.42145538	1.4208	1.3687	3.8207	3.4565	1.348	1.472	1.325	1.308	1.338	1.353	1.363	3.21982193	2
	0.001520	9.3010	1.42175376	1.4211	1.3667	3.8119	3.4236	1.353	1.499	1.327	1.294	1.316	1.329	1.366	3.21985960	2
	0.001520	9.3010	1.42204452	1.4214	1.3629	3.8033	3.3930	1.363	1.531	1.334	1.287	1.300	1.309	1.375	3.21989632	2
	0.001520	9.3010	1.42235315	1.4217	1.3572	3.7945	3.3635	1.377	1.571	1.346	1.284	1.288	1.295	1.389	3.21993542	2
	0.001520	9.3010	1.42271233	1.4221	1.3467	3.7850	3.3364	1.403	1.629	1.371	1.292	1.288	1.291	1.417	3.21998072	2
	0.001520	9.3010	1.42311502	1.4225	1.3293	3.7754	3.3152	1.447	1.706	1.416	1.318	1.305	1.304	1.463	3.22003150	2
	0.001520	9.3010	1.42356229	1.4229	1.3032	3.7653	3.3012	1.512	1.803	1.482	1.368	1.345	1.338	1.531	3.22008801	2
	0.001520	9.3010	1.42402339	1.4234	1.2779	3.7560	3.2895	1.575	1.896	1.548	1.418	1.386	1.374	1.598	3.22014618	2
	0.001520	9.3010	1.42448342	1.4238	1.2647	3.7480	3.2706	1.608	1.957	1.584	1.441	1.401	1.384	1.635	3.22020411	3
	0.001520	9.3010	1.42459869	1.4239	1.2678	3.7465	3.2617	1.601	1.954	1.577	1.432	1.390	1.372	1.628	3.22021866	3
	0.001520	9.3010	1.42528892	1.4246	1.2970	3.7392	3.2033	1.527	1.908	1.509	1.351	1.302	1.279	1.560	3.22030544	3
	0.001520	9.3010	1.42597604	1.4253	1.3449	3.7344	3.1367	1.408	1.807	1.394	1.228	1.174	1.148	1.445	3.22039199	3
	0.001520	9.3010	1.42654645	1.4259	1.3891	3.7315	3.0809	1.297	1.707	1.286	1.115	1.058	1.030	1.338	3.22046351	3
	0.001520	9.3010	1.42711473	1.4264	1.4340	3.7290	3.0264	1.185	1.605	1.176	1.002	0.942	0.913	1.228	3.22053480	3
	0.001520	9.3010	1.42767501	1.4270	1.4781	3.7268	2.9737	1.075	1.504	1.069	0.891	0.829	0.798	1.120	3.22060513	3
	0.001520	9.3010	1.42828774	1.4276	1.5258	3.7246	2.9172	0.955	1.393	0.952	0.770	0.706	0.673	1.003	3.22068191	3
	0.001520	9.3010	1.42897725	1.4283	1.5781	3.7221	2.8553	0.825	1.273	0.824	0.638	0.571	0.536	0.875	3.22076797	3
	0.001520	9.3010	1.42962801	1.4289	1.6261	3.7199	2.7984	0.705	1.162	0.707	0.517	0.447	0.411	0.758	3.22084951	3
	0.001520	9.3010	1.43036699	1.4296	1.6794	3.7173	2.7352	0.572	1.041	0.577	0.383	0.311	0.272	0.629	3.22094154	3
	0.001520	9.3010	1.43095469	1.4302	1.7215	3.7153	2.6850	0.466	0.946	0.475	0.277	0.203	0.163	0.527	3.22101498	3
	0.001520	9.3010	1.43154025	1.4307	1.7638	3.7132	2.6344	0.360	0.850	0.373	0.171	0.094	0.052	0.424	3.22108793	3
	0.001520	9.3010	1.43208718	1.4313	1.8040	3.7111	2.5862	0.260	0.760	0.276	0.070	-0.010	-0.052	0.327	3.22115588	3
	0.001520	9.3010	1.43259561	1.4317	1.8421	3.7091	2.5402	0.165	0.675	0.184	-0.026	-0.107	-0.151	0.235	3.22121930	3
	0.001520	9.3010	1.43309367	1.4322	1.8786	3.7072	2.4962	0.073	0.593	0.096	-0.117	-0.201	-0.246	0.147	3.22128105	3
	0.001520	9.3010	1.43361628	1.4327	1.9156	3.7052	2.4515	-0.019	0.511	0.006	-0.210	-0.296	-0.343	0.057	3.22134614	3
	0.001520	9.3010	1.43426859	1.4333	1.9633	3.7027	2.3937	-0.138	0.406	-0.109	-0.330	-0.419	-0.468	-0.058	3.22142696	3
	0.001520	9.3010	1.43475795	1.4337	1.9997	3.7006	2.3493	-0.229	0.325	-0.197	-0.422	-0.513	-0.564	-0.146	3.22148752	3
	0.001520	9.3010	1.43519795	1.4341	2.0312	3.6989	2.3110	-0.308	0.256	-0.273	-0.501	-0.594	-0.646	-0.222	3.22154212	3
	0.001520	9.3010	1.43560576	1.4345	2.0590	3.6974	2.2772	-0.377	0.196	-0.339	-0.570	-0.665	-0.719	-0.288	3.22159266	3
	0.001520	9.3010	1.43604577	1.4348	2.0870	3.6958	2.2429	-0.448	0.135	-0.407	-0.641	-0.737	-0.792	-0.355	3.22164702	3
	0.001520	9.3010	1.43658102	1.4353	2.1156	3.6942	2.2082	-0.519	0.072	-0.475	-0.712	-0.811	-0.866	-0.424	3.22171330	3
	0.001520	9.3010	1.43677509	1.4354	2.1217	3.6939	2.2008	-0.534	0.059	-0.490	-0.727	-0.826	-0.882	-0.438	3.22173715	3
	0.001520	9.3010	1.43733764	1.4359	2.0745	3.6970	2.2605	-0.416	0.159	-0.378	-0.609	-0.705	-0.758	-0.326	3.22180653	3
	0.001520	9.3010	1.43757021	1.4361	2.0333	3.6996	2.3122	-0.313	0.247	-0.280	-0.506	-0.599	-0.650	-0.228	3.22183537	3
	0.001520	9.3010	1.43769324	1.4362	2.0133	3.7008	2.3371	-0.263	0.291	-0.232	-0.456	-0.547	-0.598	-0.180	3.22185040	3
	0.001520	9.3010	1.43790936	1.4364	2.0367	3.6995	2.3086	-0.322	0.239	-0.288	-0.515	-0.607	-0.659	-0.237	3.22187710	3
	0.001520	9.3010	1.43843603	1.4369	2.0893	3.6964	2.2437	-0.453	0.125	-0.414	-0.647	-0.742	-0.797	-0.362	3.22194195	3
	0.001520	9.3010	1.43894362	1.4373	2.1401	3.6934	2.1811	-0.580	0.016	-0.535	-0.774	-0.873	-0.929	-0.484	3.22200465	3
	0.001520	9.3010	1.43943524	1.4377	2.1919	3.6903	2.1170	-0.710	-0.095	-0.658	-0.903	-1.006	-1.065	-0.607	3.22206497	3
	0.001520	9.3010	1.43988740	1.4380	2.2422	3.6872	2.0544	-0.835	-0.201	-0.776	-1.027	-1.134	-1.195	-0.725	3.22212052	3
	0.001520	9.3010	1.44023108	1.4383	2.2828	3.6847	2.0037	-0.937	-0.286	-0.871	-1.127	-1.237	-1.300	-0.820	3.22216296	3
	0.001520	9.3010	1.44055569	1.4385	2.3236	3.6821	1.9525	-1.039	-0.370	-0.966	-1.227	-1.341	-1.406	-0.915	3.22220278	3
	0.001520	9.3010	1.44092548	1.4387	2.3729	3.6789	1.8907	-1.162	-0.470	-1.081	-1.349	-1.467	-1.534	-1.030	3.22224808	3
	0.001520	9.3010	1.44127381	1.4389	2.4226	3.6756	1.8278	-1.287	-0.569	-1.196	-1.472	-1.594	-1.664	-1.146	3.22229075	3
	0.001520	9.3010	1.44159555	1.4390	2.4723	3.6722	1.7647	-1.411	-0.667	-1.311	-1.594	-1.720	-1.793	-1.261	3.22233033	3
	0.001520	9.3010	1.44189095	1.4391	2.5217	3.6689	1.7019	-1.534	-0.763	-1.424	-1.715	-1.846	-1.922	-1.374	3.22236657	3
	0.001520	9.3010	1.44216406	1.4392	2.5709	3.6654	1.6390	-1.657	-0.857	-1.536	-1.835	-1.970	-2.049	-1.487	3.22239995	3
	0.001520	9.3010	1.44241846	1.4392	2.6204	3.6619	1.5755	-1.781	-0.951	-1.649	-1.956	-2.096	-2.178	-1.599	3.22243118	3
	0.001520	9.3010	1.44264829	1.4391	2.6687	3.6585	1.5133	-1.902	-1.041	-1.757	-2.073	-2.217	-2.302	-1.708	3.22245932	3
	0.001520	9.3010	1.44286513	1.4390	2.7180	3.6549	1.4496	-2.025	-1.131	-1.865	-2.190	-2.340	-2.428	-1.817	3.22248578	3
	0.001520	9.3010	1.44306386	1.4389	2.7667	3.6512	1.3863	-2.147	-1.219	-1.972	-2.306	-2.461	-2.553	-1.925	3.22251010	3
	0.001520	9.3010	1.44324565	1.4387	2.8148	3.6476	1.3237	-2.267	-1.303	-2.076	-2.419	-2.580	-2.675	-2.030	3.22253227	3
	0.001520	9.3010	1.44341731	1.4384	2.8639	3.6439	1.2595	-2.390	-1.388	-2.182	-2.535	-2.700	-2.799	-2.137	3.22255325	3
	0.001520	9.3010	1.44357455	1.4381	2.9125	3.6402	1.1960	-2.511	-1.472	-2.286	-2.648	-2.820	-2.922	-2.242	3.22257257	3
	0.001520	9.3010	1.44371986	1.4377	2.9608	3.6364	1.1326	-2.632	-1.552	-2.388	-2.760	-2.938	-3.043	-2.345	3.22259021	3
	0.001520	9.3010	1.44385588	1.4372	3.0094	3.6326	1.0687	-2.754	-1.631	-2.490	-2.873	-3.056	-3.166	-2.449	3.22260690	3
	0.001520	9.3010	1.44398451	1.4367	3.0587	3.6287	1.0034	-2.877	-1.710	-2.592	-2.987	-3.176	-3.289	-2.552	3.22262263	3
	0.001520	9.3010	1.44410121	1.4360	3.1070	3.6248	0.9394	-2.997	-1.776	-2.692	-3.099	-3.296	-3.413	-2.654	3.22263694	3
	0.001520	9.3010	1.44421113	1.4352	3.1559	3.6209	0.8747	-3.120	-1.843	-2.792	-3.214	-3.417	-3.537	-2.756	3.22265029	3
	0.001520	9.3010	1.44431627	1.4343	3.2056	3.6169	0.8086	-3.244	-1.906	-2.892	-3.328	-3.538	-3.663	-2.858	3.22266316	3
	0.001520	9.3010	1.44442713	1.4331	3.2582	3.6125	0.7383	-3.376	-1.970	-2.996	-3.448	-3.665	-3.795	-2.965	3.22267652	4
	0.001520	9.3010	1.44442713	1.4330	1.8866	3.7279	2.5713	0.054	0.474	0.047	-0.129	-0.190	-0.222	0.098	3.22267652	4
	0.001520	9.3010	1.44505823	1.4337	1.8953	3.7264	2.5569	0.032	0.459	0.027	-0.151	-0.214	-0.247	0.078	3.22275352	4
	0.001520	9.3010	1.44566405	1.4343	1.9006	3.7259	2.5495	0.019	0.448	0.015	-0.165	-0.228	-0.261	0.065	3.22282743	4
	0.001520	9.3010	1.44627213	1.4349	1.9048	3.7258	2.5450	0.008	0.438	0.004	-0.175	-0.239	-0.272	0.055	3.22290134	4
	0.001520	9.3010	1.44688678	1.4355	1.9083	3.7259	2.5424	-0.001	0.429	-0.005	-0.184	-0.248	-0.281	0.046	3.22297621	4
	0.001520	9.3010	1.44750524	1.4361	1.9117	3.7262	2.5405	-0.009	0.419	-0.013	-0.192	-0.255	-0.288	0.037	3.22305131	4
	0.001520	9.3010	1.44813955	1.4367	1.9151	3.7265	2.5384	-0.018	0.409	-0.022	-0.201	-0.264	-0.296	0.028	3.22312832	4
	0.001520	9.3010	1.44878745	1.4374	1.9187	3.7269	2.5363	-0.027	0.399	-0.032	-0.210	-0.272	-0.305	0.019	3.22320700	4
	0.001520	9.3010	1.44941783	1.4380	1.9222	3.7272	2.5342	-0.036	0.388	-0.041	-0.218	-0.280	-0.313	0.010	3.22328329	4
	0.001520	9.3010	1.45009625	1.4387	1.9261	3.7275	2.5317	-0.045	0.377	-0.051	-0.228	-0.290	-0.322	-0.000	3.22336531	4
	0.001520	9.3010	1.45072412	1.4393	1.9298	3.7277	2.5293	-0.054	0.367	-0.060	-0.237	-0.298	-0.330	-0.010	3.22344136	4
	0.001520	9.3010	1.45135975	1.4400	1.9335	3.7280	2.5267	-0.064	0.356	-0.070	-0.246	-0.307	-0.339	-0.019	3.22351813	4
	0.001520	9.3010	1.45199609	1.4406	1.9372	3.7282	2.5242	-0.073	0.346	-0.080	-0.255	-0.316	-0.348	-0.029	3.22359490	4
	0.001520	9.3010	1.45262909	1.4412	1.9410	3.7285	2.5216	-0.082	0.335	-0.089	-0.264	-0.325	-0.356	-0.039	3.22367120	4
	0.001520	9.3010	1.45326269	1.4419	1.9448	3.7287	2.5189	-0.092	0.325	-0.099	-0.274	-0.334	-0.365	-0.049	3.22374749	4
	0.001520	9.3010	1.45395684	1.4426	1.9489	3.7289	2.5159	-0.102	0.314	-0.109	-0.284	-0.344	-0.375	-0.059	3.22383094	4
	0.001520	9.3010	1.45412457	1.4427	1.9498	3.7290	2.5152	-0.105	0.311	-0.112	-0.286	-0.346	-0.377	-0.062	3.22385097	4
	0.001520	9.3010	1.45459950	1.4432	1.9526	3.7291	2.5131	-0.112	0.303	-0.119	-0.293	-0.353	-0.384	-0.069	3.22390819	4
	0.001520	9.3010	1.45531261	1.4439	1.9568	3.7293	2.5099	-0.122	0.292	-0.130	-0.303	-0.363	-0.394	-0.079	3.22399378	4
	0.001520	9.3010	1.45597804	1.4446	1.9607	3.7294	2.5068	-0.132	0.282	-0.140	-0.313	-0.373	-0.403	-0.089	3.22407341	4
	0.001520	9.3010	1.45663822	1.4453	1.9645	3.7296	2.5037	-0.141	0.272	-0.149	-0.322	-0.382	-0.413	-0.099	3.22415257	4
	0.001520	9.3010	1.45734477	1.4460	1.9685	3.7297	2.5003	-0.151	0.261	-0.159	-0.332	-0.392	-0.422	-0.109	3.22423720	4
	0.001520	9.3010	1.45802355	1.4466	1.9723	3.7297	2.4968	-0.161	0.251	-0.169	-0.342	-0.401	-0.432	-0.119	3.22431827	4
	0.001520	9.3010	1.45867729	1.4473	1.9760	3.7297	2.4934	-0.170	0.242	-0.178	-0.351	-0.411	-0.441	-0.128	3.22439623	4
	0.001520	9.3010	1.45899665	1.4476	1.9779	3.7296	2.4913	-0.175	0.238	-0.183	-0.356	-0.415	-0.446	-0.133	3.22443438	4
	0.001520	9.3010	1.45936358	1.4480	1.9799	3.7296	2.4893	-0.180	0.233	-0.188	-0.361	-0.421	-0.451	-0.138	3.22447824	4
	0.001520	9.3010	1.46000385	1.4486	1.9834	3.7295	2.4854	-0.189	0.224	-0.197	-0.370	-0.430	-0.461	-0.147	3.22455454	4
	0.001520	9.3010	1.46021748	1.4488	1.9847	3.7294	2.4840	-0.192	0.222	-0.200	-0.373	-0.433	-0.464	-0.149	3.22457981	4
	0.001520	9.3010	1.46068418	1.4493	1.9873	3.7292	2.4808	-0.198	0.216	-0.206	-0.380	-0.440	-0.471	-0.156	3.22463536	4
	0.001520	9.3010	1.46135092	1.4500	1.9910	3.7289	2.4758	-0.208	0.208	-0.215	-0.390	-0.450	-0.481	-0.165	3.22471476	4
	0.001520	9.3010	1.46198952	1.4506	1.9948	3.7284	2.4704	-0.217	0.201	-0.224	-0.399	-0.460	-0.492	-0.174	3.22479057	4
	0.001520	9.3010	1.46264005	1.4512	1.9987	3.7278	2.4644	-0.227	0.193	-0.234	-0.410	-0.471	-0.503	-0.183	3.22486782	4
	0.001520	9.3010	1.46329987	1.4519	2.0030	3.7271	2.4574	-0.238	0.185	-0.244	-0.421	-0.483	-0.516	-0.193	3.22494602	4
	0.001520	9.3010	1.46394920	1.4525	2.0076	3.7264	2.4499	-0.249	0.177	-0.254	-0.433	-0.496	-0.529	-0.204	3.22502279	4
	0.001520	9.3010	1.46461642	1.4532	2.0135	3.7257	2.4415	-0.264	0.165	-0.269	-0.448	-0.512	-0.545	-0.218	3.22510171	4
	0.001520	9.3010	1.46527028	1.4538	2.0145	3.7263	2.4430	-0.266	0.160	-0.272	-0.450	-0.513	-0.546	-0.221	3.22517920	4
	0.001520	9.3010	1.46592402	1.4545	2.0230	3.7240	2.4256	-0.287	0.150	-0.291	-0.473	-0.539	-0.573	-0.240	3.22525620	4
	0.001520	9.3010	1.46656930	1.4551	2.0439	3.7197	2.3876	-0.340	0.117	-0.338	-0.528	-0.599	-0.636	-0.287	3.22533250	4
	0.001520	9.3010	1.46700144	1.4555	2.0813	3.7140	2.3275	-0.433	0.051	-0.425	-0.625	-0.701	-0.742	-0.373	3.22538328	4
	0.001520	9.3010	1.46712363	1.4556	2.1238	3.7090	2.2654	-0.539	-0.031	-0.524	-0.734	-0.815	-0.860	-0.472	3.22539783	4
	0.001520	9.3010	1.46716094	1.4557	2.1673	3.7048	2.2049	-0.648	-0.116	-0.626	-0.843	-0.930	-0.977	-0.574	3.22540212	4
	0.001520	9.3010	1.46716881	1.4557	2.1840	3.7033	2.1821	-0.690	-0.150	-0.665	-0.886	-0.973	-1.023	-0.614	3.22540307	7
	0.001520	9.3010	1.46716893	1.4557	2.1844	3.7032	2.1816	-0.691	-0.151	-0.666	-0.887	-0.975	-1.024	-0.615	3.22540307	7
	0.001520	9.3010	1.46717680	1.4557	2.2088	3.7012	2.1490	-0.752	-0.201	-0.724	-0.948	-1.038	-1.089	-0.672	3.22540402	7
	0.001520	9.3010	1.46719158	1.4557	2.2570	3.6973	2.0854	-0.872	-0.299	-0.837	-1.069	-1.163	-1.217	-0.785	3.22540569	7
	0.001520	9.3010	1.46722925	1.4557	2.2646	3.6970	2.0765	-0.891	-0.316	-0.856	-1.088	-1.183	-1.236	-0.804	3.22541022	7
	0.001520	9.3010	1.46750617	1.4559	2.2498	3.6980	2.0955	-0.855	-0.286	-0.821	-1.051	-1.145	-1.198	-0.769	3.22544265	7
	0.001520	9.3010	1.46775150	1.4562	2.2823	3.6954	2.0525	-0.936	-0.351	-0.897	-1.132	-1.229	-1.284	-0.845	3.22547174	7
	0.001520	9.3010	1.46794844	1.4563	2.3309	3.6915	1.9884	-1.057	-0.450	-1.010	-1.253	-1.354	-1.413	-0.958	3.22549486	7
	0.001520	9.3010	1.46806252	1.4564	2.3686	3.6886	1.9390	-1.151	-0.524	-1.098	-1.346	-1.452	-1.512	-1.046	3.22550821	7
	0.001520	9.3010	1.46814942	1.4565	2.3984	3.6863	1.9000	-1.226	-0.583	-1.166	-1.420	-1.528	-1.590	-1.115	3.22551847	7
	0.001520	9.3010	1.46827507	1.4565	2.4401	3.6831	1.8456	-1.330	-0.665	-1.262	-1.522	-1.635	-1.699	-1.211	3.22553325	7
	0.001520	9.3010	1.46838677	1.4566	2.4781	3.6801	1.7958	-1.425	-0.739	-1.350	-1.616	-1.732	-1.799	-1.298	3.22554636	7
	0.001520	9.3010	1.46849144	1.4567	2.5166	3.6772	1.7455	-1.521	-0.813	-1.437	-1.710	-1.830	-1.899	-1.386	3.22555876	7
	0.001520	9.3010	1.46858978	1.4567	2.5559	3.6742	1.6941	-1.620	-0.888	-1.527	-1.806	-1.930	-2.002	-1.476	3.22557020	7
	0.001520	9.3010	1.46867836	1.4567	2.5948	3.6712	1.6431	-1.717	-0.962	-1.616	-1.902	-2.030	-2.104	-1.565	3.22558069	7
	0.001520	9.3010	1.46875989	1.4567	2.6343	3.6681	1.5913	-1.816	-1.035	-1.704	-1.998	-2.130	-2.207	-1.654	3.22559023	7
	0.001520	9.3010	1.46883452	1.4567	2.6742	3.6649	1.5389	-1.915	-1.108	-1.794	-2.095	-2.231	-2.310	-1.744	3.22559905	7
	0.001520	9.3010	1.46890271	1.4567	2.7138	3.6618	1.4867	-2.015	-1.180	-1.882	-2.191	-2.331	-2.413	-1.833	3.22560692	7
	0.001520	9.3010	1.46896362	1.4567	2.7526	3.6587	1.4355	-2.111	-1.250	-1.968	-2.284	-2.428	-2.513	-1.919	3.22561407	7
	0.001520	9.3010	1.46902037	1.4567	2.7911	3.6556	1.3845	-2.208	-1.317	-2.051	-2.375	-2.524	-2.612	-2.003	3.22562075	7
	0.001520	9.3010	1.46907604	1.4566	2.8309	3.6523	1.3317	-2.307	-1.387	-2.137	-2.469	-2.623	-2.714	-2.090	3.22562742	7
	0.001520	9.3010	1.46912980	1.4566	2.8702	3.6491	1.2795	-2.406	-1.455	-2.222	-2.562	-2.720	-2.814	-2.175	3.22563362	7
	0.001520	9.3010	1.46918225	1.4565	2.9094	3.6459	1.2274	-2.504	-1.520	-2.305	-2.653	-2.816	-2.913	-2.259	3.22563982	7
	0.001520	9.3010	1.46923470	1.4564	2.9486	3.6426	1.1750	-2.602	-1.585	-2.388	-2.744	-2.912	-3.012	-2.343	3.22564602	7
	0.001520	9.3010	1.46928775	1.4563	2.9880	3.6393	1.1224	-2.700	-1.649	-2.470	-2.836	-3.009	-3.112	-2.427	3.22565222	7
	0.001520	9.3010	1.46934164	1.4561	3.0284	3.6359	1.0683	-2.801	-1.712	-2.554	-2.929	-3.107	-3.213	-2.511	3.22565842	7
	0.001520	9.3010	1.46939230	1.4559	3.0718	3.6322	1.0100	-2.909	-1.780	-2.643	-3.028	-3.213	-3.322	-2.602	3.22566438	7
	0.001520	9.3010	1.46942973	1.4557	3.1176	3.6282	0.9483	-3.024	-1.843	-2.737	-3.135	-3.326	-3.440	-2.698	3.22566891	7
	0.001520	9.3010	1.46945465	1.4556	3.1576	3.6247	0.8943	-3.124	-1.894	-2.818	-3.228	-3.425	-3.542	-2.780	3.22567177	7
	0.001520	9.3010	1.46947670	1.4555	3.1956	3.6214	0.8431	-3.219	-1.942	-2.895	-3.316	-3.519	-3.639	-2.858	3.22567439	7
	0.001520	9.3010	1.46949852	1.4553	3.2384	3.6177	0.7854	-3.326	-1.993	-2.979	-3.414	-3.623	-3.747	-2.945	3.22567701	7
	0.001520	9.3010	1.46952331	1.4550	3.2812	3.6139	0.7274	-3.433	-2.043	-3.062	-3.511	-3.726	-3.854	-3.031	3.22567987	7
	0.001520	9.3010	1.46953058	1.4550	3.3020	3.6121	0.6992	-3.485	-2.066	-3.102	-3.557	-3.776	-3.906	-3.072	3.22568059	7
	0.001520	9.3010	1.46953297	1.4549	3.2947	3.6127	0.7091	-3.467	-2.058	-3.088	-3.541	-3.759	-3.888	-3.057	3.22568107	7
	0.001520	9.3010	1.46953559	1.4549	3.2739	3.6146	0.7373	-3.415	-2.034	-3.048	-3.494	-3.709	-3.836	-3.016	3.22568130	7
	0.001520	9.3010	1.46953738	1.4549	3.2970	3.6126	0.7061	-3.472	-2.061	-3.093	-3.546	-3.764	-3.894	-3.062	3.22568154	7
	0.001520	9.3010	1.46953917	1.4549	3.3343	3.6092	0.6554	-3.566	-2.102	-3.164	-3.630	-3.854	-3.987	-3.135	3.22568178	7
	0.001520	9.3010	1.46954167	1.4548	3.3817	3.6049	0.5906	-3.684	-2.149	-3.252	-3.734	-3.966	-4.104	-3.226	3.22568202	7
	0.001520	9.3010	1.46954525	1.4548	3.4250	3.6009	0.5315	-3.792	-2.193	-3.331	-3.829	-4.068	-4.210	-3.309	3.22568250	7
	0.001520	9.3010	1.46955144	1.4546	3.4769	3.5962	0.4606	-3.922	-2.242	-3.424	-3.940	-4.188	-4.337	-3.407	3.22568321	7
	0.001520	9.3010	1.46955526	1.4545	3.4940	3.5946	0.4371	-3.965	-2.258	-3.454	-3.977	-4.228	-4.378	-3.439	3.22568369	7
	0.001520	9.3010	1.46955574	1.4545	3.4946	3.5945	0.4363	-3.967	-2.258	-3.455	-3.978	-4.230	-4.380	-3.440	3.22568369	8
