# File generated by CMD 3.0 (http://stev.oapd.inaf.it/cmd) on Wed Jul 26 16:44:39 CEST 2017
# PARSEC isochrones, release v1.2S
# Basic references: Bressan et al. (2012), MNRAS, 427, 127 + Chen et al. (2014, 2015), MNRAS, 444, 2525 + MNRAS, 452, 1068 + Tang et al. (2014), MNRAS, 445, 4287
# Warning: you choose not to include the TP-AGB phase!
# Photometric system: Pan-STARRS1
# Using NBC version of bolometric corrections as in Chen et al. (2014), MNRAS, 444, 2525
# BCs of Carbon stars derive from Aringer et al. (2009, A&A 503, 913)
# O-rich circumstellar dust ignored
# C-rich circumstellar dust ignored
# IMF: Chabrier (2001) lognormal 
# On RGB, assumed Reimers mass loss with efficiency eta=0.2
# Kind of output: isochrone tables
#	Isochrone  Z = 0.00048	Y = 0.24900	[M/H] = -1.510	eta_R = 0.200	Age = 	2.0000e+09 yr
#      Z	log(age/yr)	M_ini   	M_act	logL/Lo	logTe	logG	mbol    gP1     rP1     iP1     zP1     yP1     wP1	int_IMF	stage
	0.000480	9.3010	0.09000000	0.0900	-3.1892	3.4741	5.4299	12.743	16.305	14.507	12.883	12.223	11.998	13.858	1.46765435	0
	0.000480	9.3010	0.09166706	0.0917	-3.1396	3.4812	5.4166	12.619	16.025	14.249	12.732	12.111	11.891	13.679	1.48550963	0
	0.000480	9.3010	0.09300084	0.0930	-3.1000	3.4869	5.4060	12.520	15.792	14.038	12.612	12.021	11.806	13.533	1.49957573	1
	0.000480	9.3010	0.09946308	0.0995	-2.9133	3.5137	5.3556	12.053	14.780	13.143	12.064	11.592	11.395	12.869	1.56513739	1
	0.000480	9.3010	0.10000000	0.1000	-2.8983	3.5158	5.3515	12.016	14.702	13.075	12.020	11.557	11.362	12.816	1.57040203	1
	0.000480	9.3010	0.10730398	0.1073	-2.7876	3.5279	5.3199	11.739	14.205	12.643	11.712	11.294	11.108	12.459	1.63921559	1
	0.000480	9.3010	0.12000000	0.1200	-2.6121	3.5471	5.2697	11.300	13.452	11.998	11.227	10.871	10.699	11.901	1.74782515	1
	0.000480	9.3010	0.12820543	0.1282	-2.5354	3.5536	5.2478	11.108	13.161	11.746	11.021	10.684	10.518	11.672	1.81173229	1
	0.000480	9.3010	0.14000000	0.1400	-2.4333	3.5623	5.2188	10.853	12.778	11.417	10.748	10.435	10.276	11.370	1.89584959	1
	0.000480	9.3010	0.16000000	0.1600	-2.2977	3.5725	5.1817	10.514	12.299	11.002	10.391	10.103	9.952	10.981	2.02115250	1
	0.000480	9.3010	0.17139372	0.1714	-2.2344	3.5766	5.1648	10.356	12.086	10.817	10.226	9.947	9.799	10.804	2.08432508	1
	0.000480	9.3010	0.20000000	0.2000	-2.0922	3.5859	5.1269	10.000	11.613	10.407	9.857	9.597	9.456	10.409	2.22178221	1
	0.000480	9.3010	0.25000000	0.2500	-1.8973	3.5974	5.0747	9.513	10.988	9.862	9.355	9.115	8.984	9.877	2.40809011	1
	0.000480	9.3010	0.32798022	0.3280	-1.6621	3.6101	5.0083	8.925	10.258	9.217	8.752	8.533	8.412	9.243	2.61117220	1
	0.000480	9.3010	0.34997803	0.3500	-1.6051	3.6130	4.9910	8.783	10.086	9.063	8.607	8.392	8.274	9.091	2.65547800	1
	0.000480	9.3010	0.34999999	0.3500	-1.6051	3.6130	4.9910	8.783	10.085	9.063	8.606	8.392	8.274	9.091	2.65552020	0
	0.000480	9.3010	0.35004064	0.3500	-1.6049	3.6130	4.9910	8.782	10.085	9.063	8.606	8.392	8.273	9.091	2.65559769	1
	0.000480	9.3010	0.37255335	0.3725	-1.5365	3.6178	4.9687	8.611	9.865	8.872	8.430	8.224	8.109	8.904	2.69652081	1
	0.000480	9.3010	0.40000001	0.4000	-1.4607	3.6232	4.9454	8.422	9.621	8.662	8.236	8.038	7.927	8.697	2.74133730	1
	0.000480	9.3010	0.44999999	0.4500	-1.2993	3.6397	4.9012	8.018	9.056	8.198	7.820	7.646	7.548	8.241	2.81098008	1
	0.000480	9.3010	0.50000000	0.5000	-1.1220	3.6619	4.8587	7.575	8.418	7.681	7.362	7.221	7.141	7.732	2.86847806	1
	0.000480	9.3010	0.55000001	0.5500	-0.9439	3.6849	4.8139	7.130	7.798	7.177	6.911	6.799	6.738	7.230	2.91663504	1
	0.000480	9.3010	0.60000002	0.6000	-0.7726	3.7075	4.7709	6.701	7.239	6.709	6.485	6.399	6.355	6.762	2.95739889	1
	0.000480	9.3010	0.60914612	0.6091	-0.7413	3.7120	4.7642	6.623	7.139	6.625	6.409	6.327	6.287	6.678	2.96419144	1
	0.000480	9.3010	0.64999998	0.6500	-0.6066	3.7316	4.7357	6.286	6.719	6.272	6.089	6.027	6.002	6.324	2.99236870	1
	0.000480	9.3010	0.68466222	0.6846	-0.4958	3.7481	4.7135	6.009	6.387	5.991	5.834	5.787	5.773	6.041	3.01373792	1
	0.000480	9.3010	0.69999999	0.7000	-0.4482	3.7551	4.7037	5.890	6.247	5.872	5.727	5.687	5.677	5.922	3.02253795	1
	0.000480	9.3010	0.73882812	0.7388	-0.3315	3.7721	4.6785	5.599	5.912	5.587	5.468	5.444	5.444	5.635	3.04323053	1
	0.000480	9.3010	0.75000000	0.7499	-0.2988	3.7768	4.6712	5.517	5.819	5.508	5.398	5.377	5.381	5.556	3.04879928	1
	0.000480	9.3010	0.77373499	0.7737	-0.2310	3.7850	4.6493	5.347	5.632	5.350	5.254	5.241	5.249	5.396	3.06011224	1
	0.000480	9.3010	0.80000001	0.7999	-0.1575	3.7936	4.6250	5.164	5.430	5.181	5.100	5.096	5.107	5.224	3.07187057	1
	0.000480	9.3010	0.84267801	0.8426	-0.0411	3.8073	4.5859	4.873	5.111	4.903	4.845	4.854	4.872	4.944	3.08939719	1
	0.000480	9.3010	0.85000002	0.8499	-0.0215	3.8096	4.5792	4.824	5.058	4.856	4.801	4.813	4.831	4.896	3.09222293	1
	0.000480	9.3010	0.86921942	0.8691	0.0292	3.8156	4.5623	4.697	4.919	4.733	4.688	4.705	4.727	4.772	3.09940815	1
	0.000480	9.3010	0.89999998	0.8998	0.1091	3.8250	4.5353	4.497	4.700	4.540	4.509	4.536	4.561	4.576	3.11026096	1
	0.000480	9.3010	0.90337461	0.9032	0.1176	3.8261	4.5327	4.476	4.677	4.519	4.490	4.518	4.544	4.555	3.11140490	1
	0.000480	9.3010	0.94186068	0.9417	0.2140	3.8382	4.5028	4.235	4.410	4.285	4.276	4.316	4.346	4.318	3.12385535	1
	0.000480	9.3010	0.94999999	0.9498	0.2342	3.8407	4.4964	4.185	4.354	4.235	4.231	4.273	4.305	4.268	3.12635612	1
	0.000480	9.3010	0.95598197	0.9558	0.2488	3.8428	4.4926	4.148	4.314	4.200	4.199	4.243	4.275	4.232	3.12816620	1
	0.000480	9.3010	0.98925436	0.9890	0.3298	3.8539	4.4710	3.945	4.087	4.002	4.020	4.077	4.112	4.033	3.13782525	1
	0.000480	9.3010	1.00000000	0.9997	0.3558	3.8575	4.4640	3.880	4.014	3.939	3.963	4.024	4.060	3.969	3.14080405	1
	0.000480	9.3010	1.00986493	1.0096	0.3793	3.8613	4.4600	3.822	3.947	3.882	3.913	3.978	4.014	3.912	3.14348006	1
	0.000480	9.3010	1.03487694	1.0346	0.4390	3.8710	4.4498	3.673	3.777	3.739	3.788	3.862	3.900	3.766	3.15001845	1
	0.000480	9.3010	1.04999995	1.0497	0.4750	3.8770	4.4439	3.582	3.675	3.653	3.712	3.793	3.831	3.678	3.15380883	1
	0.000480	9.3010	1.06360626	1.0633	0.5068	3.8829	4.4416	3.503	3.583	3.578	3.648	3.735	3.773	3.601	3.15711951	1
	0.000480	9.3010	1.07630801	1.0760	0.5362	3.8884	4.4394	3.430	3.499	3.508	3.589	3.681	3.720	3.530	3.16012883	1
	0.000480	9.3010	1.08779776	1.0874	0.5624	3.8933	4.4373	3.364	3.425	3.447	3.537	3.634	3.673	3.467	3.16278553	1
	0.000480	9.3010	1.09805906	1.0977	0.5854	3.8976	4.4354	3.306	3.360	3.394	3.491	3.593	3.631	3.412	3.16510749	1
	0.000480	9.3010	1.10000002	1.0996	0.5897	3.8984	4.4351	3.296	3.348	3.384	3.483	3.585	3.623	3.402	3.16554141	1
	0.000480	9.3010	1.11411035	1.1137	0.6217	3.9043	4.4323	3.216	3.259	3.311	3.421	3.529	3.567	3.327	3.16864705	1
	0.000480	9.3010	1.14999998	1.1496	0.7037	3.9191	4.4233	3.011	3.036	3.129	3.267	3.387	3.423	3.139	3.17617631	1
	0.000480	9.3010	1.17522466	1.1748	0.7617	3.9291	4.4148	2.866	2.886	3.007	3.161	3.289	3.324	3.012	3.18117142	1
	0.000480	9.3010	1.20000005	1.1995	0.8195	3.9387	4.4044	2.721	2.746	2.892	3.060	3.195	3.229	2.892	3.18585706	1
	0.000480	9.3010	1.23237741	1.2319	0.8952	3.9501	4.3857	2.532	2.570	2.742	2.926	3.065	3.100	2.738	3.19167471	1
	0.000480	9.3010	1.25000000	1.2495	0.9365	3.9556	4.3725	2.429	2.477	2.660	2.850	2.992	3.027	2.653	3.19470429	1
	0.000480	9.3010	1.26974857	1.2692	0.9830	3.9604	4.3522	2.313	2.370	2.562	2.758	2.902	2.937	2.553	3.19799113	1
	0.000480	9.3010	1.29625142	1.2957	1.0461	3.9647	4.3151	2.155	2.222	2.422	2.623	2.768	2.802	2.411	3.20222425	1
	0.000480	9.3010	1.29999995	1.2995	1.0551	3.9651	4.3089	2.132	2.200	2.401	2.602	2.748	2.782	2.390	3.20280719	1
	0.000480	9.3010	1.30375171	1.3032	1.0643	3.9652	4.3016	2.109	2.177	2.378	2.580	2.725	2.760	2.367	3.20338702	1
	0.000480	9.3010	1.32045484	1.3199	1.1057	3.9643	4.2622	2.006	2.070	2.271	2.473	2.617	2.650	2.260	3.20592237	1
	0.000480	9.3010	1.33496368	1.3344	1.1429	3.9611	4.2168	1.913	1.967	2.165	2.364	2.505	2.538	2.154	3.20806623	1
	0.000480	9.3010	1.34937513	1.3488	1.1808	3.9561	4.1635	1.818	1.858	2.050	2.245	2.383	2.414	2.041	3.21014380	1
	0.000480	9.3010	1.35000002	1.3494	1.1826	3.9558	4.1608	1.814	1.853	2.045	2.240	2.377	2.408	2.036	3.21023273	1
	0.000480	9.3010	1.36310148	1.3625	1.2197	3.9499	4.1042	1.721	1.744	1.929	2.118	2.252	2.281	1.921	3.21207666	1
	0.000480	9.3010	1.36952972	1.3689	1.2404	3.9483	4.0791	1.669	1.689	1.872	2.060	2.192	2.220	1.864	3.21296644	1
	0.000480	9.3010	1.37465775	1.3740	1.2661	3.9561	4.0862	1.605	1.641	1.837	2.033	2.169	2.199	1.826	3.21366978	1
	0.000480	9.3010	1.37654114	1.3759	1.2849	3.9665	4.1096	1.558	1.621	1.832	2.038	2.179	2.211	1.818	3.21392655	1
	0.000480	9.3010	1.37722647	1.3766	1.3045	3.9776	4.1346	1.509	1.607	1.831	2.047	2.193	2.228	1.815	3.21401978	1
	0.000480	9.3010	1.37757206	1.3769	1.3304	3.9888	4.1537	1.444	1.582	1.818	2.043	2.193	2.232	1.800	3.21406674	1
	0.000480	9.3010	1.37770522	1.3771	1.3456	3.9939	4.1588	1.406	1.564	1.805	2.033	2.185	2.225	1.786	3.21408486	2
	0.000480	9.3010	1.37779343	1.3771	1.3389	3.9867	4.1370	1.423	1.553	1.787	2.011	2.159	2.198	1.770	3.21409678	2
	0.000480	9.3010	1.37788558	1.3772	1.3428	3.9775	4.0963	1.413	1.510	1.735	1.951	2.096	2.131	1.719	3.21410942	2
	0.000480	9.3010	1.37801898	1.3774	1.3593	3.9678	4.0409	1.372	1.436	1.651	1.860	2.000	2.031	1.637	3.21412754	2
	0.000480	9.3010	1.37834394	1.3777	1.3801	3.9538	3.9643	1.320	1.346	1.543	1.739	1.872	1.898	1.532	3.21417165	2
	0.000480	9.3010	1.37885463	1.3782	1.3927	3.9409	3.9001	1.288	1.287	1.464	1.646	1.771	1.796	1.457	3.21424079	2
	0.000480	9.3010	1.37962234	1.3790	1.4036	3.9265	3.8321	1.261	1.241	1.391	1.556	1.671	1.694	1.389	3.21434498	2
	0.000480	9.3010	1.38040972	1.3797	1.4126	3.9126	3.7675	1.239	1.214	1.331	1.475	1.581	1.604	1.335	3.21445155	2
	0.000480	9.3010	1.38106930	1.3804	1.4194	3.8992	3.7075	1.221	1.204	1.285	1.408	1.505	1.527	1.295	3.21454072	2
	0.000480	9.3010	1.38160098	1.3809	1.4245	3.8863	3.6509	1.209	1.208	1.252	1.353	1.439	1.462	1.268	3.21461248	2
	0.000480	9.3010	1.38203740	1.3814	1.4282	3.8737	3.5969	1.199	1.220	1.229	1.307	1.382	1.405	1.249	3.21467137	2
	0.000480	9.3010	1.38240647	1.3817	1.4308	3.8612	3.5446	1.193	1.238	1.212	1.267	1.331	1.353	1.236	3.21472120	2
	0.000480	9.3010	1.38272703	1.3820	1.4324	3.8489	3.4938	1.189	1.261	1.201	1.232	1.286	1.307	1.228	3.21476436	2
	0.000480	9.3010	1.38301134	1.3823	1.4333	3.8369	3.4449	1.187	1.286	1.193	1.203	1.244	1.264	1.224	3.21480250	2
	0.000480	9.3010	1.38326740	1.3826	1.4336	3.8256	3.3994	1.186	1.313	1.189	1.178	1.208	1.225	1.222	3.21483707	2
	0.000480	9.3010	1.38350081	1.3828	1.4331	3.8158	3.3607	1.187	1.339	1.187	1.159	1.180	1.194	1.222	3.21486855	2
	0.000480	9.3010	1.38371611	1.3830	1.4320	3.8074	3.3286	1.190	1.363	1.188	1.145	1.158	1.169	1.225	3.21489739	2
	0.000480	9.3010	1.38392937	1.3832	1.4304	3.7998	3.2999	1.194	1.388	1.191	1.135	1.140	1.148	1.229	3.21492624	2
	0.000480	9.3010	1.38416016	1.3835	1.4275	3.7925	3.2736	1.201	1.418	1.196	1.128	1.126	1.131	1.237	3.21495724	2
	0.000480	9.3010	1.38443708	1.3837	1.4224	3.7846	3.2471	1.214	1.458	1.208	1.125	1.115	1.118	1.250	3.21499443	2
	0.000480	9.3010	1.38476169	1.3841	1.4137	3.7764	3.2231	1.236	1.508	1.229	1.131	1.114	1.113	1.274	3.21503806	2
	0.000480	9.3010	1.38513863	1.3844	1.4001	3.7682	3.2040	1.270	1.568	1.264	1.152	1.127	1.122	1.309	3.21508861	2
	0.000480	9.3010	1.38557100	1.3849	1.3836	3.7600	3.1879	1.311	1.634	1.306	1.180	1.147	1.136	1.352	3.21514654	2
	0.000480	9.3010	1.38578665	1.3851	1.3760	3.7563	3.1805	1.330	1.665	1.326	1.194	1.157	1.144	1.373	3.21517563	3
	0.000480	9.3010	1.38634861	1.3856	1.3813	3.7500	3.1502	1.317	1.672	1.315	1.171	1.128	1.112	1.362	3.21525097	3
	0.000480	9.3010	1.38732862	1.3866	1.4153	3.7426	3.0870	1.232	1.614	1.233	1.077	1.026	1.006	1.281	3.21538210	3
	0.000480	9.3010	1.38816559	1.3874	1.4590	3.7387	3.0281	1.122	1.518	1.126	0.964	0.909	0.886	1.174	3.21549392	3
	0.000480	9.3010	1.38908291	1.3883	1.5121	3.7357	2.9632	0.990	1.396	0.995	0.828	0.770	0.745	1.043	3.21561623	3
	0.000480	9.3010	1.38995481	1.3892	1.5638	3.7333	2.9021	0.860	1.275	0.868	0.696	0.636	0.608	0.915	3.21573257	3
	0.000480	9.3010	1.39067709	1.3899	1.6077	3.7315	2.8512	0.751	1.172	0.759	0.585	0.523	0.494	0.807	3.21582866	3
	0.000480	9.3010	1.39151716	1.3907	1.6588	3.7294	2.7919	0.623	1.052	0.633	0.455	0.391	0.361	0.681	3.21594024	3
	0.000480	9.3010	1.39234066	1.3915	1.7097	3.7274	2.7332	0.496	0.932	0.508	0.327	0.260	0.228	0.556	3.21604967	3
	0.000480	9.3010	1.39312398	1.3922	1.7602	3.7253	2.6747	0.370	0.814	0.384	0.199	0.130	0.097	0.432	3.21615338	3
	0.000480	9.3010	1.39375377	1.3928	1.8013	3.7236	2.6269	0.267	0.718	0.282	0.095	0.025	-0.010	0.331	3.21623683	3
	0.000480	9.3010	1.39447558	1.3935	1.8494	3.7216	2.5711	0.146	0.606	0.164	-0.026	-0.099	-0.135	0.212	3.21633220	3
	0.000480	9.3010	1.39516819	1.3941	1.8965	3.7195	2.5158	0.029	0.496	0.049	-0.145	-0.220	-0.257	0.097	3.21642375	3
	0.000480	9.3010	1.39580607	1.3947	1.9409	3.7176	2.4640	-0.082	0.394	-0.060	-0.258	-0.334	-0.373	-0.012	3.21650791	3
	0.000480	9.3010	1.39631081	1.3952	1.9783	3.7159	2.4201	-0.176	0.307	-0.152	-0.352	-0.431	-0.471	-0.104	3.21657443	3
	0.000480	9.3010	1.39686382	1.3957	2.0215	3.7140	2.3693	-0.284	0.208	-0.259	-0.462	-0.543	-0.584	-0.211	3.21664739	3
	0.000480	9.3010	1.39730000	1.3960	2.0570	3.7124	2.3276	-0.372	0.126	-0.346	-0.552	-0.634	-0.677	-0.298	3.21670485	3
	0.000480	9.3010	1.39782369	1.3965	2.1014	3.7104	2.2750	-0.484	0.024	-0.455	-0.665	-0.749	-0.793	-0.407	3.21677351	3
	0.000480	9.3010	1.39830041	1.3968	2.1449	3.7083	2.2236	-0.592	-0.075	-0.561	-0.775	-0.861	-0.907	-0.513	3.21683621	3
	0.000480	9.3010	1.39869761	1.3971	2.1823	3.7065	2.1790	-0.686	-0.160	-0.653	-0.869	-0.958	-1.005	-0.604	3.21688843	3
	0.000480	9.3010	1.39903355	1.3974	2.2134	3.7050	2.1420	-0.763	-0.230	-0.728	-0.948	-1.038	-1.086	-0.680	3.21693254	3
	0.000480	9.3010	1.39943159	1.3977	2.2475	3.7033	2.1012	-0.849	-0.307	-0.812	-1.034	-1.126	-1.175	-0.763	3.21698475	3
	0.000480	9.3010	1.39987326	1.3980	2.2772	3.7019	2.0661	-0.923	-0.374	-0.884	-1.109	-1.203	-1.252	-0.835	3.21704268	3
	0.000480	9.3010	1.39999998	1.3981	2.2822	3.7017	2.0602	-0.936	-0.385	-0.896	-1.122	-1.216	-1.265	-0.847	3.21705914	3
	0.000480	9.3010	1.40001440	1.3981	2.2828	3.7017	2.0595	-0.937	-0.386	-0.898	-1.123	-1.217	-1.267	-0.849	3.21706104	3
	0.000480	9.3010	1.40035486	1.3983	2.2455	3.7037	2.1049	-0.844	-0.304	-0.807	-1.029	-1.121	-1.169	-0.758	3.21710563	3
	0.000480	9.3010	1.40055394	1.3984	2.2017	3.7062	2.1588	-0.734	-0.207	-0.701	-0.918	-1.007	-1.054	-0.652	3.21713185	3
	0.000480	9.3010	1.40056992	1.3985	2.1981	3.7064	2.1632	-0.725	-0.199	-0.692	-0.909	-0.998	-1.044	-0.644	3.21713376	3
	0.000480	9.3010	1.40095556	1.3987	2.2477	3.7038	2.1033	-0.849	-0.310	-0.813	-1.035	-1.126	-1.174	-0.764	3.21718431	3
	0.000480	9.3010	1.40137398	1.3990	2.3001	3.7012	2.0407	-0.980	-0.427	-0.940	-1.167	-1.261	-1.311	-0.891	3.21723914	3
	0.000480	9.3010	1.40176904	1.3992	2.3519	3.6985	1.9781	-1.110	-0.542	-1.066	-1.298	-1.394	-1.447	-1.017	3.21729064	3
	0.000480	9.3010	1.40214145	1.3994	2.4040	3.6958	1.9150	-1.240	-0.656	-1.191	-1.429	-1.529	-1.584	-1.142	3.21733928	3
	0.000480	9.3010	1.40248704	1.3996	2.4561	3.6929	1.8516	-1.370	-0.769	-1.316	-1.560	-1.663	-1.721	-1.268	3.21738434	3
	0.000480	9.3010	1.40280914	1.3997	2.5086	3.6900	1.7875	-1.502	-0.883	-1.442	-1.692	-1.799	-1.859	-1.393	3.21742630	3
	0.000480	9.3010	1.40311408	1.3997	2.5625	3.6870	1.7216	-1.636	-0.997	-1.570	-1.825	-1.936	-1.999	-1.521	3.21746612	3
	0.000480	9.3010	1.40338969	1.3997	2.6151	3.6839	1.6565	-1.768	-1.108	-1.695	-1.956	-2.071	-2.136	-1.646	3.21750212	3
	0.000480	9.3010	1.40365028	1.3996	2.6695	3.6807	1.5894	-1.904	-1.222	-1.823	-2.091	-2.210	-2.277	-1.774	3.21753597	3
	0.000480	9.3010	1.40388834	1.3994	2.7238	3.6774	1.5217	-2.040	-1.334	-1.950	-2.226	-2.348	-2.418	-1.902	3.21756697	3
	0.000480	9.3010	1.40411139	1.3992	2.7793	3.6740	1.4525	-2.178	-1.447	-2.079	-2.363	-2.490	-2.563	-2.031	3.21759605	3
	0.000480	9.3010	1.40431714	1.3989	2.8350	3.6704	1.3823	-2.317	-1.558	-2.208	-2.500	-2.632	-2.708	-2.160	3.21762276	3
	0.000480	9.3010	1.40450907	1.3985	2.8915	3.6667	1.3108	-2.459	-1.669	-2.337	-2.638	-2.775	-2.854	-2.290	3.21764779	3
	0.000480	9.3010	1.40468597	1.3980	2.9488	3.6628	1.2381	-2.602	-1.780	-2.467	-2.778	-2.920	-3.003	-2.421	3.21767068	3
	0.000480	9.3010	1.40485251	1.3974	3.0079	3.6589	1.1628	-2.750	-1.892	-2.601	-2.921	-3.069	-3.155	-2.555	3.21769238	3
	0.000480	9.3010	1.40500367	1.3966	3.0661	3.6548	1.0882	-2.895	-2.000	-2.730	-3.061	-3.215	-3.304	-2.685	3.21771216	3
	0.000480	9.3010	1.40514982	1.3957	3.1273	3.6504	1.0091	-3.048	-2.112	-2.865	-3.207	-3.368	-3.461	-2.822	3.21773100	3
	0.000480	9.3010	1.40528464	1.3945	3.1884	3.6460	0.9302	-3.201	-2.213	-3.000	-3.356	-3.523	-3.621	-2.957	3.21774864	3
	0.000480	9.3010	1.40536046	1.3938	3.2222	3.6436	0.8866	-3.285	-2.267	-3.074	-3.438	-3.609	-3.710	-3.032	3.21775842	4
	0.000480	9.3010	1.40536046	1.3937	1.9694	3.7463	2.5499	-0.154	0.204	-0.155	-0.302	-0.349	-0.369	-0.109	3.21775842	4
	0.000480	9.3010	1.40594137	1.3943	1.9758	3.7435	2.5328	-0.169	0.198	-0.170	-0.321	-0.371	-0.392	-0.123	3.21783376	4
	0.000480	9.3010	1.40647864	1.3948	1.9797	3.7425	2.5248	-0.179	0.192	-0.179	-0.332	-0.383	-0.405	-0.132	3.21790361	4
	0.000480	9.3010	1.40702331	1.3953	1.9844	3.7422	2.5192	-0.191	0.181	-0.191	-0.344	-0.395	-0.418	-0.144	3.21797419	4
	0.000480	9.3010	1.40756619	1.3958	1.9894	3.7425	2.5155	-0.203	0.168	-0.203	-0.356	-0.407	-0.429	-0.157	3.21804428	4
	0.000480	9.3010	1.40811145	1.3964	1.9944	3.7431	2.5128	-0.216	0.153	-0.216	-0.368	-0.418	-0.440	-0.169	3.21811485	4
	0.000480	9.3010	1.40865207	1.3969	1.9993	3.7436	2.5104	-0.228	0.138	-0.229	-0.380	-0.429	-0.451	-0.182	3.21818471	4
	0.000480	9.3010	1.40919375	1.3974	2.0043	3.7443	2.5081	-0.241	0.124	-0.242	-0.391	-0.440	-0.462	-0.195	3.21825480	4
	0.000480	9.3010	1.40972757	1.3979	2.0091	3.7449	2.5059	-0.253	0.109	-0.254	-0.403	-0.451	-0.472	-0.207	3.21832347	4
	0.000480	9.3010	1.41025507	1.3984	2.0137	3.7455	2.5038	-0.264	0.095	-0.266	-0.414	-0.461	-0.482	-0.220	3.21839166	4
	0.000480	9.3010	1.41083598	1.3990	2.0188	3.7461	2.5014	-0.277	0.080	-0.279	-0.426	-0.473	-0.493	-0.233	3.21846628	4
	0.000480	9.3010	1.41124332	1.3994	2.0223	3.7466	2.4998	-0.286	0.070	-0.288	-0.434	-0.481	-0.501	-0.242	3.21851873	4
	0.000480	9.3010	1.41128373	1.3994	2.0227	3.7466	2.4997	-0.287	0.069	-0.289	-0.435	-0.481	-0.501	-0.243	3.21852398	4
	0.000480	9.3010	1.41185760	1.3999	2.0274	3.7472	2.4976	-0.299	0.054	-0.301	-0.446	-0.492	-0.512	-0.255	3.21859789	4
	0.000480	9.3010	1.41240215	1.4005	2.0318	3.7478	2.4957	-0.310	0.041	-0.313	-0.457	-0.502	-0.521	-0.267	3.21866775	4
	0.000480	9.3010	1.41294658	1.4010	2.0362	3.7484	2.4938	-0.321	0.028	-0.324	-0.467	-0.512	-0.531	-0.278	3.21873760	4
	0.000480	9.3010	1.41347587	1.4015	2.0404	3.7489	2.4920	-0.331	0.015	-0.335	-0.477	-0.521	-0.539	-0.289	3.21880555	4
	0.000480	9.3010	1.41387057	1.4018	2.0434	3.7493	2.4906	-0.339	0.006	-0.343	-0.484	-0.528	-0.546	-0.297	3.21885610	4
	0.000480	9.3010	1.41406620	1.4020	2.0449	3.7495	2.4899	-0.342	0.002	-0.347	-0.487	-0.531	-0.549	-0.301	3.21888113	4
	0.000480	9.3010	1.41466057	1.4026	2.0494	3.7501	2.4878	-0.354	-0.012	-0.358	-0.498	-0.541	-0.559	-0.312	3.21895719	4
	0.000480	9.3010	1.41522455	1.4031	2.0536	3.7506	2.4858	-0.364	-0.024	-0.369	-0.508	-0.551	-0.568	-0.323	3.21902943	4
	0.000480	9.3010	1.41582465	1.4037	2.0580	3.7511	2.4835	-0.375	-0.037	-0.380	-0.518	-0.560	-0.578	-0.335	3.21910596	4
	0.000480	9.3010	1.41641200	1.4042	2.0622	3.7514	2.4810	-0.385	-0.049	-0.391	-0.528	-0.570	-0.587	-0.345	3.21918106	4
	0.000480	9.3010	1.41702986	1.4048	2.0665	3.7518	2.4782	-0.396	-0.061	-0.402	-0.539	-0.580	-0.597	-0.357	3.21925974	4
	0.000480	9.3010	1.41764641	1.4054	2.0708	3.7519	2.4748	-0.407	-0.073	-0.413	-0.549	-0.591	-0.608	-0.367	3.21933842	4
	0.000480	9.3010	1.41797113	1.4057	2.0730	3.7520	2.4728	-0.413	-0.079	-0.419	-0.555	-0.596	-0.613	-0.373	3.21937966	4
	0.000480	9.3010	1.41820455	1.4059	2.0746	3.7520	2.4712	-0.417	-0.083	-0.423	-0.559	-0.600	-0.617	-0.377	3.21940923	4
	0.000480	9.3010	1.41874266	1.4064	2.0783	3.7518	2.4672	-0.426	-0.092	-0.432	-0.568	-0.610	-0.627	-0.386	3.21947765	4
	0.000480	9.3010	1.41925871	1.4069	2.0819	3.7516	2.4627	-0.435	-0.100	-0.441	-0.578	-0.619	-0.637	-0.395	3.21954322	4
	0.000480	9.3010	1.41979885	1.4074	2.0856	3.7510	2.4570	-0.444	-0.107	-0.450	-0.588	-0.630	-0.647	-0.404	3.21961188	4
	0.000480	9.3010	1.42033315	1.4079	2.0893	3.7502	2.4500	-0.453	-0.113	-0.459	-0.598	-0.641	-0.659	-0.413	3.21967959	4
	0.000480	9.3010	1.42085731	1.4084	2.0930	3.7491	2.4421	-0.463	-0.119	-0.468	-0.609	-0.653	-0.672	-0.422	3.21974611	4
	0.000480	9.3010	1.42137814	1.4089	2.0969	3.7479	2.4334	-0.472	-0.124	-0.477	-0.620	-0.666	-0.685	-0.431	3.21981215	4
	0.000480	9.3010	1.42190766	1.4094	2.1009	3.7466	2.4245	-0.482	-0.129	-0.487	-0.632	-0.678	-0.698	-0.440	3.21987915	4
	0.000480	9.3010	1.42243528	1.4099	2.1072	3.7459	2.4155	-0.498	-0.143	-0.502	-0.648	-0.696	-0.716	-0.456	3.21994567	4
	0.000480	9.3010	1.42296374	1.4104	2.1095	3.7450	2.4099	-0.504	-0.146	-0.508	-0.655	-0.704	-0.725	-0.461	3.22001243	4
	0.000480	9.3010	1.42303431	1.4104	2.1097	3.7452	2.4107	-0.504	-0.147	-0.508	-0.655	-0.703	-0.724	-0.462	3.22002149	4
	0.000480	9.3010	1.42318928	1.4106	2.1090	3.7451	2.4107	-0.503	-0.145	-0.506	-0.654	-0.702	-0.723	-0.460	3.22004104	4
	0.000480	9.3010	1.42357695	1.4109	2.1138	3.7417	2.3927	-0.514	-0.144	-0.516	-0.670	-0.721	-0.744	-0.470	3.22008991	4
	0.000480	9.3010	1.42396879	1.4113	2.1209	3.7374	2.3681	-0.532	-0.145	-0.532	-0.693	-0.749	-0.774	-0.484	3.22013927	4
	0.000480	9.3010	1.42430198	1.4116	2.1300	3.7326	2.3403	-0.555	-0.148	-0.551	-0.720	-0.781	-0.810	-0.503	3.22018123	4
	0.000480	9.3010	1.42454374	1.4118	2.1523	3.7264	2.2931	-0.611	-0.178	-0.601	-0.782	-0.849	-0.882	-0.553	3.22021174	4
	0.000480	9.3010	1.42465270	1.4119	2.1904	3.7201	2.2296	-0.706	-0.246	-0.691	-0.883	-0.957	-0.994	-0.643	3.22022533	4
	0.000480	9.3010	1.42466617	1.4119	2.2068	3.7181	2.2056	-0.747	-0.279	-0.730	-0.925	-1.001	-1.039	-0.682	3.22022724	7
	0.000480	9.3010	1.42466629	1.4119	2.2071	3.7181	2.2052	-0.748	-0.279	-0.731	-0.926	-1.002	-1.040	-0.682	3.22022724	7
	0.000480	9.3010	1.42467678	1.4119	2.2405	3.7154	2.1608	-0.831	-0.350	-0.811	-1.011	-1.090	-1.131	-0.763	3.22022843	7
	0.000480	9.3010	1.42468786	1.4119	2.2807	3.7124	2.1085	-0.932	-0.437	-0.909	-1.114	-1.196	-1.239	-0.860	3.22022986	7
	0.000480	9.3010	1.42470229	1.4119	2.3106	3.7103	2.0705	-1.007	-0.502	-0.981	-1.190	-1.275	-1.319	-0.933	3.22023177	7
	0.000480	9.3010	1.42475677	1.4120	2.3012	3.7112	2.0833	-0.983	-0.482	-0.959	-1.166	-1.250	-1.293	-0.910	3.22023845	7
	0.000480	9.3010	1.42501926	1.4122	2.3076	3.7105	2.0743	-0.999	-0.495	-0.974	-1.182	-1.267	-1.311	-0.925	3.22027159	7
	0.000480	9.3010	1.42519605	1.4123	2.3579	3.7069	2.0098	-1.125	-0.603	-1.095	-1.310	-1.398	-1.444	-1.046	3.22029376	7
	0.000480	9.3010	1.42532325	1.4124	2.4090	3.7035	1.9450	-1.253	-0.712	-1.218	-1.440	-1.532	-1.581	-1.169	3.22030973	7
	0.000480	9.3010	1.42540014	1.4124	2.4404	3.7015	1.9055	-1.331	-0.780	-1.293	-1.520	-1.614	-1.664	-1.244	3.22031951	7
	0.000480	9.3010	1.42549038	1.4125	2.4748	3.6992	1.8620	-1.417	-0.853	-1.376	-1.607	-1.703	-1.755	-1.327	3.22033072	7
	0.000480	9.3010	1.42558265	1.4125	2.5113	3.6969	1.8162	-1.508	-0.930	-1.463	-1.699	-1.798	-1.852	-1.414	3.22034240	7
	0.000480	9.3010	1.42567635	1.4125	2.5504	3.6944	1.7672	-1.606	-1.013	-1.556	-1.797	-1.899	-1.955	-1.507	3.22035432	7
	0.000480	9.3010	1.42576146	1.4126	2.5893	3.6919	1.7183	-1.703	-1.095	-1.649	-1.895	-2.000	-2.058	-1.600	3.22036481	7
	0.000480	9.3010	1.42584050	1.4126	2.6290	3.6893	1.6682	-1.803	-1.178	-1.743	-1.994	-2.102	-2.163	-1.694	3.22037482	7
	0.000480	9.3010	1.42591381	1.4125	2.6695	3.6867	1.6171	-1.904	-1.261	-1.838	-2.095	-2.206	-2.269	-1.789	3.22038412	7
	0.000480	9.3010	1.42598081	1.4125	2.7103	3.6840	1.5656	-2.006	-1.345	-1.934	-2.196	-2.311	-2.375	-1.885	3.22039247	7
	0.000480	9.3010	1.42604232	1.4125	2.7513	3.6812	1.5135	-2.108	-1.429	-2.030	-2.298	-2.415	-2.482	-1.981	3.22040009	7
	0.000480	9.3010	1.42609704	1.4125	2.7911	3.6785	1.4631	-2.208	-1.509	-2.122	-2.396	-2.517	-2.586	-2.073	3.22040701	7
	0.000480	9.3010	1.42614627	1.4124	2.8304	3.6758	1.4129	-2.306	-1.587	-2.213	-2.493	-2.618	-2.689	-2.164	3.22041321	7
	0.000480	9.3010	1.42619395	1.4123	2.8718	3.6729	1.3599	-2.409	-1.668	-2.308	-2.594	-2.723	-2.797	-2.259	3.22041917	7
	0.000480	9.3010	1.42623925	1.4122	2.9129	3.6701	1.3074	-2.512	-1.748	-2.402	-2.695	-2.828	-2.904	-2.354	3.22042489	7
	0.000480	9.3010	1.42628276	1.4121	2.9538	3.6671	1.2546	-2.614	-1.826	-2.495	-2.795	-2.932	-3.011	-2.447	3.22043037	7
	0.000480	9.3010	1.42632473	1.4120	2.9947	3.6642	1.2018	-2.717	-1.903	-2.587	-2.894	-3.035	-3.117	-2.540	3.22043562	7
	0.000480	9.3010	1.42636573	1.4119	3.0355	3.6611	1.1489	-2.819	-1.979	-2.678	-2.994	-3.139	-3.223	-2.632	3.22044086	7
	0.000480	9.3010	1.42640650	1.4117	3.0760	3.6581	1.0962	-2.920	-2.054	-2.768	-3.091	-3.241	-3.327	-2.723	3.22044587	7
	0.000480	9.3010	1.42644799	1.4115	3.1165	3.6550	1.0433	-3.021	-2.126	-2.857	-3.188	-3.342	-3.431	-2.812	3.22045112	7
	0.000480	9.3010	1.42648959	1.4112	3.1575	3.6519	0.9898	-3.124	-2.199	-2.947	-3.286	-3.445	-3.537	-2.903	3.22045636	7
	0.000480	9.3010	1.42652822	1.4109	3.2010	3.6485	0.9325	-3.233	-2.268	-3.043	-3.393	-3.556	-3.652	-3.000	3.22046113	7
	0.000480	9.3010	1.42655861	1.4106	3.2499	3.6447	0.8682	-3.355	-2.343	-3.148	-3.511	-3.681	-3.780	-3.106	3.22046494	7
	0.000480	9.3010	1.42658126	1.4104	3.2929	3.6412	0.8112	-3.462	-2.407	-3.241	-3.615	-3.790	-3.894	-3.200	3.22046781	7
	0.000480	9.3010	1.42660356	1.4100	3.3439	3.6370	0.7434	-3.590	-2.479	-3.348	-3.737	-3.919	-4.026	-3.308	3.22047067	7
	0.000480	9.3010	1.42662394	1.4096	3.4773	3.6256	0.5643	-3.923	-2.650	-3.621	-4.051	-4.253	-4.371	-3.586	3.22047329	7
	0.000480	9.3010	1.42662668	1.4095	3.4898	3.6246	0.5477	-3.954	-2.665	-3.646	-4.080	-4.283	-4.403	-3.612	3.22047353	7
	0.000480	9.3010	1.42662883	1.4095	3.4960	3.6241	0.5394	-3.970	-2.673	-3.659	-4.094	-4.299	-4.419	-3.625	3.22047377	7
	0.000480	9.3010	1.42663205	1.4094	3.5041	3.6234	0.5287	-3.990	-2.683	-3.675	-4.113	-4.319	-4.439	-3.641	3.22047424	7
	0.000480	9.3010	1.42663300	1.4093	3.5060	3.6233	0.5260	-3.995	-2.686	-3.679	-4.117	-4.324	-4.444	-3.645	3.22047448	7
	0.000480	9.3010	1.42663348	1.4093	3.5062	3.6232	0.5258	-3.996	-2.686	-3.680	-4.118	-4.324	-4.445	-3.646	3.22047448	8
