# File generated by CMD 3.0 (http://stev.oapd.inaf.it/cmd) on Wed Jul 26 16:43:03 CEST 2017
# PARSEC isochrones, release v1.2S
# Basic references: Bressan et al. (2012), MNRAS, 427, 127 + Chen et al. (2014, 2015), MNRAS, 444, 2525 + MNRAS, 452, 1068 + Tang et al. (2014), MNRAS, 445, 4287
# Warning: you choose not to include the TP-AGB phase!
# Photometric system: Pan-STARRS1
# Using NBC version of bolometric corrections as in Chen et al. (2014), MNRAS, 444, 2525
# BCs of Carbon stars derive from Aringer et al. (2009, A&A 503, 913)
# O-rich circumstellar dust ignored
# C-rich circumstellar dust ignored
# IMF: Chabrier (2001) lognormal 
# On RGB, assumed Reimers mass loss with efficiency eta=0.2
# Kind of output: isochrone tables
#	Isochrone  Z = 0.00152	Y = 0.25121	[M/H] = -1.008	eta_R = 0.200	Age = 	5.0000e+08 yr
#      Z	log(age/yr)	M_ini   	M_act	logL/Lo	logTe	logG	mbol    gP1     rP1     iP1     zP1     yP1     wP1	int_IMF	stage
	0.001520	8.6990	0.09000000	0.0900	-3.1318	3.4562	5.3009	12.600	16.689	15.010	13.026	12.209	11.908	14.086	1.46765435	0
	0.001520	8.6990	0.09265742	0.0927	-3.0916	3.4620	5.2967	12.499	16.431	14.763	12.882	12.101	11.812	13.920	1.49597228	0
	0.001520	8.6990	0.09776463	0.0978	-3.0028	3.4749	5.2825	12.277	15.880	14.243	12.573	11.868	11.601	13.559	1.54830492	0
	0.001520	8.6990	0.10000000	0.1000	-2.9656	3.4806	5.2780	12.184	15.646	14.022	12.444	11.771	11.513	13.406	1.57040203	0
	0.001520	8.6990	0.10016964	0.1002	-2.9636	3.4808	5.2777	12.179	15.635	14.012	12.437	11.766	11.508	13.398	1.57205963	0
	0.001520	8.6990	0.12000000	0.1200	-2.7173	3.5107	5.2295	11.563	14.353	12.816	11.661	11.144	10.928	12.490	1.74782515	0
	0.001520	8.6990	0.14000000	0.1400	-2.5316	3.5283	5.1811	11.099	13.556	12.088	11.123	10.681	10.485	11.878	1.89584959	0
	0.001520	8.6990	0.14790195	0.1479	-2.4819	3.5328	5.1729	10.975	13.357	11.907	10.983	10.557	10.366	11.721	1.94771099	0
	0.001520	8.6990	0.16000000	0.1600	-2.4012	3.5394	5.1527	10.773	13.047	11.626	10.759	10.356	10.172	11.472	2.02115250	0
	0.001520	8.6990	0.19374360	0.1937	-2.2245	3.5520	5.1097	10.331	12.414	11.048	10.277	9.917	9.745	10.946	2.19395685	1
	0.001520	8.6990	0.20000000	0.2000	-2.1950	3.5541	5.1025	10.258	12.311	10.954	10.198	9.844	9.674	10.859	2.22178221	1
	0.001520	8.6990	0.25000000	0.2500	-2.0051	3.5660	5.0570	9.783	11.672	10.369	9.693	9.375	9.215	10.314	2.40809011	1
	0.001520	8.6990	0.30000001	0.3000	-1.8557	3.5750	5.0228	9.409	11.184	9.924	9.299	9.005	8.853	9.892	2.54750419	1
	0.001520	8.6990	0.31527472	0.3153	-1.8048	3.5773	5.0026	9.282	11.028	9.780	9.168	8.879	8.729	9.754	2.58333969	1
	0.001520	8.6990	0.34999999	0.3500	-1.7129	3.5832	4.9796	9.052	10.728	9.511	8.927	8.652	8.507	9.497	2.65552020	0
	0.001520	8.6990	0.40000001	0.4000	-1.5591	3.5940	4.9271	8.668	10.221	9.063	8.525	8.273	8.137	9.066	2.74133730	0
	0.001520	8.6990	0.44999999	0.4500	-1.3890	3.6085	4.8661	8.243	9.642	8.565	8.080	7.854	7.731	8.586	2.81098008	0
	0.001520	8.6990	0.46898499	0.4690	-1.3168	3.6168	4.8451	8.062	9.377	8.347	7.890	7.679	7.562	8.376	2.83405089	1
	0.001520	8.6990	0.50000000	0.5000	-1.2061	3.6305	4.8171	7.785	8.963	8.013	7.602	7.414	7.307	8.054	2.86847806	1
	0.001520	8.6990	0.55000001	0.5500	-1.0202	3.6595	4.7884	7.321	8.214	7.435	7.114	6.973	6.889	7.492	2.91663504	1
	0.001520	8.6990	0.60000002	0.6000	-0.8476	3.6863	4.7609	6.889	7.556	6.924	6.669	6.564	6.503	6.984	2.95739889	1
	0.001520	8.6990	0.64999998	0.6500	-0.6852	3.7111	4.7324	6.483	6.996	6.471	6.262	6.184	6.143	6.529	2.99236870	1
	0.001520	8.6990	0.69999999	0.7000	-0.5325	3.7357	4.7106	6.101	6.505	6.065	5.896	5.843	5.820	6.121	3.02253795	1
	0.001520	8.6990	0.75000000	0.7500	-0.3901	3.7587	4.6901	5.745	6.072	5.704	5.571	5.539	5.532	5.757	3.04879928	1
	0.001520	8.6990	0.80000001	0.8000	-0.2573	3.7762	4.6551	5.413	5.695	5.379	5.273	5.257	5.261	5.430	3.07187057	1
	0.001520	8.6990	0.85000002	0.8500	-0.1322	3.7913	4.6168	5.100	5.346	5.083	5.003	5.002	5.012	5.130	3.09222293	1
	0.001520	8.6990	0.85141027	0.8514	-0.1287	3.7917	4.6156	5.092	5.337	5.075	4.996	4.995	5.005	5.122	3.09276152	1
	0.001520	8.6990	0.89999998	0.9000	-0.0138	3.8049	4.5778	4.804	5.021	4.800	4.743	4.755	4.771	4.844	3.11026096	1
	0.001520	8.6990	0.90590602	0.9059	-0.0002	3.8065	4.5733	4.771	4.984	4.768	4.713	4.726	4.743	4.811	3.11225700	1
	0.001520	8.6990	0.94999999	0.9500	0.0981	3.8178	4.5410	4.525	4.715	4.530	4.493	4.518	4.540	4.572	3.12635612	1
	0.001520	8.6990	1.00000000	0.9999	0.2038	3.8306	4.5087	4.261	4.425	4.276	4.259	4.295	4.323	4.313	3.14080405	1
	0.001520	8.6990	1.04999995	1.0499	0.3039	3.8438	4.4825	4.010	4.147	4.034	4.039	4.089	4.121	4.069	3.15380883	1
	0.001520	8.6990	1.07610750	1.0760	0.3538	3.8513	4.4731	3.885	4.007	3.914	3.932	3.989	4.023	3.947	3.16008186	1
	0.001520	8.6990	1.10000002	1.0999	0.3986	3.8580	4.4646	3.774	3.882	3.807	3.836	3.900	3.936	3.838	3.16554141	1
	0.001520	8.6990	1.14999998	1.1499	0.4884	3.8740	4.4584	3.549	3.627	3.595	3.652	3.733	3.771	3.622	3.17617631	1
	0.001520	8.6990	1.19405174	1.1940	0.5633	3.8897	4.4623	3.362	3.412	3.422	3.508	3.604	3.644	3.444	3.18475127	1
	0.001520	8.6990	1.20000005	1.1999	0.5733	3.8917	4.4628	3.337	3.384	3.399	3.489	3.588	3.627	3.421	3.18585706	1
	0.001520	8.6990	1.21734571	1.2173	0.6017	3.8980	4.4656	3.266	3.303	3.336	3.436	3.541	3.580	3.355	3.18901539	1
	0.001520	8.6990	1.25000000	1.2499	0.6544	3.9095	4.4706	3.134	3.156	3.220	3.342	3.458	3.496	3.236	3.19470429	1
	0.001520	8.6990	1.27287972	1.2728	0.6904	3.9174	4.4741	3.044	3.059	3.145	3.280	3.402	3.440	3.157	3.19850159	1
	0.001520	8.6990	1.29999995	1.2999	0.7323	3.9266	4.4779	2.939	2.950	3.060	3.211	3.340	3.377	3.068	3.20280719	1
	0.001520	8.6990	1.30395174	1.3039	0.7384	3.9279	4.4784	2.924	2.934	3.048	3.201	3.331	3.368	3.055	3.20341778	1
	0.001520	8.6990	1.35000002	1.3499	0.8081	3.9429	4.4837	2.750	2.769	2.921	3.095	3.235	3.271	2.921	3.21023273	1
	0.001520	8.6990	1.39999998	1.3999	0.8819	3.9584	4.4878	2.565	2.611	2.795	2.988	3.135	3.172	2.787	3.21705914	1
	0.001520	8.6990	1.42504358	1.4250	0.9176	3.9658	4.4892	2.476	2.539	2.735	2.936	3.087	3.125	2.725	3.22027469	1
	0.001520	8.6990	1.45000005	1.4499	0.9528	3.9729	4.4900	2.388	2.470	2.677	2.885	3.040	3.079	2.665	3.22335362	1
	0.001520	8.6990	1.45044816	1.4504	0.9534	3.9730	4.4901	2.386	2.469	2.676	2.884	3.039	3.078	2.664	3.22340798	1
	0.001520	8.6990	1.50000000	1.4999	1.0209	3.9861	4.4897	2.218	2.341	2.566	2.786	2.946	2.988	2.551	3.22917390	1
	0.001520	8.6990	1.53561568	1.5355	1.0678	3.9949	4.4878	2.100	2.255	2.490	2.717	2.879	2.924	2.473	3.23305845	1
	0.001520	8.6990	1.54999995	1.5499	1.0866	3.9983	4.4868	2.053	2.221	2.460	2.689	2.852	2.898	2.442	3.23456979	1
	0.001520	8.6990	1.57778406	1.5777	1.1223	4.0046	4.4841	1.964	2.157	2.403	2.636	2.800	2.849	2.383	3.23740101	1
	0.001520	8.6990	1.60000002	1.6000	1.1506	4.0095	4.4816	1.893	2.107	2.357	2.593	2.759	2.809	2.336	3.23958373	1
	0.001520	8.6990	1.63694632	1.6369	1.1973	4.0172	4.4757	1.777	2.024	2.281	2.522	2.688	2.742	2.259	3.24305868	1
	0.001520	8.6990	1.64999998	1.6500	1.2136	4.0199	4.4734	1.736	1.995	2.254	2.496	2.663	2.718	2.232	3.24424219	1
	0.001520	8.6990	1.68405044	1.6841	1.2558	4.0266	4.4670	1.631	1.921	2.185	2.431	2.599	2.656	2.161	3.24722695	1
	0.001520	8.6990	1.70000005	1.7000	1.2755	4.0296	4.4635	1.581	1.885	2.152	2.399	2.568	2.627	2.128	3.24857616	1
	0.001520	8.6990	1.74165130	1.7417	1.3262	4.0372	4.4534	1.455	1.795	2.067	2.317	2.488	2.550	2.041	3.25196147	1
	0.001520	8.6990	1.75000000	1.7500	1.3363	4.0386	4.4512	1.429	1.776	2.050	2.301	2.472	2.534	2.024	3.25261688	1
	0.001520	8.6990	1.77297413	1.7730	1.3637	4.0425	4.4448	1.361	1.727	2.002	2.255	2.427	2.491	1.976	3.25438285	1
	0.001520	8.6990	1.79999995	1.8000	1.3959	4.0467	4.4362	1.280	1.667	1.946	2.201	2.373	2.439	1.919	3.25639176	1
	0.001520	8.6990	1.83084881	1.8308	1.4323	4.0514	4.4258	1.189	1.600	1.881	2.138	2.311	2.379	1.853	3.25859904	1
	0.001520	8.6990	1.85000002	1.8500	1.4551	4.0541	4.4184	1.132	1.556	1.839	2.097	2.271	2.340	1.812	3.25992513	1
	0.001520	8.6990	1.89522266	1.8952	1.5085	4.0599	4.3988	0.999	1.452	1.739	1.999	2.174	2.245	1.710	3.26293063	1
	0.001520	8.6990	1.89999998	1.9000	1.5142	4.0605	4.3964	0.984	1.441	1.728	1.988	2.163	2.235	1.699	3.26323819	1
	0.001520	8.6990	1.93646550	1.9365	1.5574	4.0645	4.3775	0.877	1.354	1.643	1.904	2.080	2.154	1.613	3.26552653	1
	0.001520	8.6990	1.95000005	1.9500	1.5734	4.0658	4.3700	0.837	1.321	1.610	1.873	2.049	2.123	1.581	3.26635003	1
	0.001520	8.6990	1.96236897	1.9624	1.5879	4.0670	4.3630	0.800	1.290	1.581	1.843	2.020	2.094	1.551	3.26709080	1
	0.001520	8.6990	2.00000000	2.0000	1.6323	4.0701	4.3393	0.689	1.195	1.487	1.751	1.928	2.004	1.457	3.26927757	1
	0.001520	8.6990	2.01850629	2.0185	1.6540	4.0715	4.3270	0.635	1.148	1.441	1.705	1.882	1.959	1.411	3.27031660	1
	0.001520	8.6990	2.04999995	2.0500	1.6914	4.0731	4.3026	0.541	1.063	1.357	1.621	1.798	1.875	1.326	3.27203131	1
	0.001520	8.6990	2.06896830	2.0690	1.7139	4.0739	4.2873	0.485	1.011	1.305	1.570	1.747	1.824	1.274	3.27303290	1
	0.001520	8.6990	2.09999990	2.1000	1.7512	4.0745	4.2589	0.392	0.921	1.215	1.481	1.657	1.735	1.184	3.27462268	1
	0.001520	8.6990	2.12566137	2.1257	1.7821	4.0745	4.2333	0.315	0.843	1.138	1.404	1.580	1.657	1.107	3.27589393	1
	0.001520	8.6990	2.15000010	2.1500	1.8117	4.0739	4.2062	0.241	0.766	1.061	1.326	1.501	1.579	1.030	3.27706480	1
	0.001520	8.6990	2.15624452	2.1562	1.8193	4.0737	4.1993	0.222	0.746	1.041	1.306	1.481	1.559	1.010	3.27735996	1
	0.001520	8.6990	2.19321275	2.1932	1.8654	4.0712	4.1503	0.106	0.617	0.911	1.176	1.349	1.425	0.880	3.27906442	1
	0.001520	8.6990	2.20000005	2.2000	1.8740	4.0704	4.1402	0.085	0.592	0.885	1.150	1.323	1.399	0.855	3.27936959	1
	0.001520	8.6990	2.22649217	2.2265	1.9075	4.0674	4.0996	0.001	0.492	0.784	1.048	1.219	1.294	0.754	3.28053856	1
	0.001520	8.6990	2.25000000	2.2500	1.9377	4.0634	4.0579	-0.074	0.396	0.687	0.949	1.117	1.190	0.657	3.28154731	1
	0.001520	8.6990	2.26265454	2.2627	1.9540	4.0610	4.0348	-0.115	0.343	0.633	0.894	1.062	1.134	0.603	3.28207946	1
	0.001520	8.6990	2.28951406	2.2895	1.9895	4.0540	3.9762	-0.204	0.218	0.505	0.763	0.927	0.997	0.475	3.28318501	1
	0.001520	8.6990	2.29999995	2.3000	2.0036	4.0509	3.9519	-0.239	0.168	0.453	0.710	0.873	0.941	0.424	3.28360772	1
	0.001520	8.6990	2.32178211	2.3218	2.0332	4.0441	3.8991	-0.313	0.059	0.341	0.596	0.755	0.821	0.313	3.28447080	1
	0.001520	8.6990	2.34382534	2.3438	2.0671	4.0378	3.8439	-0.398	-0.057	0.222	0.475	0.630	0.693	0.194	3.28532410	1
	0.001520	8.6990	2.34999990	2.3500	2.0769	4.0362	3.8291	-0.422	-0.089	0.189	0.441	0.595	0.658	0.161	3.28555942	1
	0.001520	8.6990	2.35110569	2.3511	2.0787	4.0360	3.8264	-0.427	-0.095	0.183	0.435	0.589	0.652	0.155	3.28560162	1
	0.001520	8.6990	2.36218596	2.3622	2.1080	4.0481	3.8476	-0.500	-0.108	0.176	0.433	0.592	0.660	0.147	3.28601956	1
	0.001520	8.6990	2.36428499	2.3643	2.1218	4.0590	3.8777	-0.535	-0.087	0.202	0.462	0.626	0.698	0.172	3.28609824	1
	0.001520	8.6990	2.36520147	2.3652	2.1360	4.0697	3.9065	-0.570	-0.068	0.226	0.491	0.659	0.735	0.195	3.28613257	1
	0.001520	8.6990	2.36567187	2.3657	2.1523	4.0800	3.9316	-0.611	-0.054	0.244	0.511	0.684	0.764	0.212	3.28615022	1
	0.001520	8.6990	2.36595225	2.3660	2.1699	4.0894	3.9519	-0.655	-0.049	0.255	0.525	0.701	0.785	0.222	3.28616071	1
	0.001520	8.6990	2.36606860	2.3661	2.1765	4.0931	3.9601	-0.671	-0.045	0.259	0.531	0.709	0.794	0.226	3.28616500	2
	0.001520	8.6990	2.36618304	2.3662	2.1533	4.0860	3.9549	-0.613	-0.025	0.277	0.546	0.721	0.804	0.244	3.28616929	2
	0.001520	8.6990	2.36629224	2.3663	2.1367	4.0751	3.9278	-0.572	-0.041	0.256	0.521	0.692	0.770	0.224	3.28617334	2
	0.001520	8.6990	2.36641574	2.3664	2.1433	4.0636	3.8754	-0.588	-0.117	0.174	0.436	0.602	0.676	0.144	3.28617787	2
	0.001520	8.6990	2.36657977	2.3666	2.1647	4.0517	3.8062	-0.642	-0.232	0.054	0.312	0.472	0.541	0.025	3.28618407	2
	0.001520	8.6990	2.36677933	2.3668	2.1823	4.0396	3.7403	-0.686	-0.336	-0.056	0.198	0.351	0.416	-0.084	3.28619146	2
	0.001520	8.6990	2.36700892	2.3670	2.1939	4.0275	3.6801	-0.715	-0.424	-0.150	0.098	0.246	0.306	-0.177	3.28620005	2
	0.001520	8.6990	2.36726689	2.3673	2.2019	4.0152	3.6230	-0.735	-0.502	-0.235	0.009	0.152	0.205	-0.260	3.28620982	2
	0.001520	8.6990	2.36754513	2.3675	2.2073	4.0028	3.5682	-0.748	-0.572	-0.312	-0.073	0.064	0.111	-0.336	3.28622007	2
	0.001520	8.6990	2.36783481	2.3678	2.2109	3.9903	3.5147	-0.757	-0.635	-0.383	-0.150	-0.018	0.022	-0.405	3.28623104	2
	0.001520	8.6990	2.36812568	2.3681	2.2132	3.9778	3.4623	-0.763	-0.690	-0.448	-0.223	-0.096	-0.061	-0.468	3.28624177	2
	0.001520	8.6990	2.36840916	2.3684	2.2144	3.9652	3.4109	-0.766	-0.737	-0.507	-0.290	-0.169	-0.140	-0.525	3.28625226	2
	0.001520	8.6990	2.36867929	2.3687	2.2146	3.9526	3.3603	-0.766	-0.776	-0.561	-0.354	-0.238	-0.214	-0.576	3.28626251	2
	0.001520	8.6990	2.36893225	2.3689	2.2140	3.9400	3.3105	-0.765	-0.807	-0.608	-0.413	-0.304	-0.284	-0.620	3.28627181	2
	0.001520	8.6990	2.36916637	2.3692	2.2127	3.9274	3.2614	-0.762	-0.826	-0.648	-0.467	-0.364	-0.347	-0.656	3.28628063	2
	0.001520	8.6990	2.36938143	2.3694	2.2107	3.9148	3.2132	-0.757	-0.832	-0.679	-0.515	-0.419	-0.405	-0.683	3.28628850	2
	0.001520	8.6990	2.36957812	2.3696	2.2082	3.9023	3.1657	-0.750	-0.827	-0.704	-0.559	-0.470	-0.456	-0.703	3.28629589	2
	0.001520	8.6990	2.36975718	2.3698	2.2051	3.8898	3.1189	-0.743	-0.811	-0.723	-0.598	-0.516	-0.503	-0.715	3.28630257	2
	0.001520	8.6990	2.36992025	2.3699	2.2015	3.8774	3.0728	-0.734	-0.783	-0.734	-0.632	-0.558	-0.544	-0.719	3.28630853	2
	0.001520	8.6990	2.37006879	2.3701	2.1974	3.8650	3.0275	-0.724	-0.750	-0.740	-0.661	-0.595	-0.582	-0.719	3.28631425	2
	0.001520	8.6990	2.37020445	2.3702	2.1929	3.8528	2.9830	-0.712	-0.712	-0.740	-0.684	-0.628	-0.615	-0.714	3.28631926	2
	0.001520	8.6990	2.37032819	2.3703	2.1880	3.8406	2.9392	-0.700	-0.670	-0.735	-0.703	-0.657	-0.644	-0.706	3.28632379	2
	0.001520	8.6990	2.37044191	2.3704	2.1828	3.8286	2.8965	-0.687	-0.626	-0.728	-0.719	-0.683	-0.671	-0.695	3.28632808	2
	0.001520	8.6990	2.37054634	2.3705	2.1771	3.8171	2.8560	-0.673	-0.580	-0.718	-0.730	-0.704	-0.695	-0.681	3.28633189	2
	0.001520	8.6990	2.37064242	2.3706	2.1711	3.8064	2.8193	-0.658	-0.533	-0.705	-0.737	-0.721	-0.715	-0.666	3.28633547	2
	0.001520	8.6990	2.37073183	2.3707	2.1648	3.7967	2.7869	-0.642	-0.487	-0.689	-0.740	-0.733	-0.729	-0.648	3.28633881	2
	0.001520	8.6990	2.37081552	2.3708	2.1578	3.7883	2.7603	-0.624	-0.438	-0.670	-0.736	-0.737	-0.736	-0.626	3.28634191	2
	0.001520	8.6990	2.37089682	2.3709	2.1504	3.7804	2.7361	-0.606	-0.387	-0.648	-0.729	-0.737	-0.739	-0.602	3.28634501	2
	0.001520	8.6990	2.37098861	2.3710	2.1404	3.7728	2.7156	-0.581	-0.333	-0.619	-0.716	-0.731	-0.736	-0.572	3.28634834	2
	0.001520	8.6990	2.37110662	2.3711	2.1260	3.7648	2.6980	-0.545	-0.268	-0.579	-0.691	-0.714	-0.723	-0.531	3.28635263	2
	0.001520	8.6990	2.37127566	2.3713	2.1007	3.7559	2.6880	-0.482	-0.173	-0.512	-0.639	-0.671	-0.684	-0.463	3.28635907	2
	0.001520	8.6990	2.37143683	2.3714	2.0753	3.7488	2.6850	-0.418	-0.082	-0.444	-0.583	-0.623	-0.640	-0.394	3.28636503	2
	0.001520	8.6990	2.37161160	2.3716	2.0540	3.7416	2.6774	-0.365	-0.001	-0.385	-0.537	-0.584	-0.606	-0.335	3.28637147	2
	0.001520	8.6990	2.37167835	2.3717	2.0481	3.7389	2.6724	-0.350	0.025	-0.368	-0.524	-0.574	-0.598	-0.317	3.28637409	3
	0.001520	8.6990	2.37195253	2.3720	2.0766	3.7296	2.6068	-0.422	-0.008	-0.430	-0.603	-0.662	-0.693	-0.379	3.28638411	3
	0.001520	8.6990	2.37218094	2.3722	2.1218	3.7240	2.5393	-0.535	-0.096	-0.536	-0.719	-0.784	-0.819	-0.485	3.28639269	3
	0.001520	8.6990	2.37249374	2.3725	2.1731	3.7191	2.4685	-0.663	-0.203	-0.659	-0.850	-0.921	-0.959	-0.608	3.28640437	3
	0.001520	8.6990	2.37285829	2.3729	2.2221	3.7151	2.4035	-0.785	-0.306	-0.777	-0.975	-1.050	-1.091	-0.726	3.28641772	3
	0.001520	8.6990	2.37296224	2.3730	2.2354	3.7141	2.3861	-0.819	-0.334	-0.809	-1.009	-1.085	-1.127	-0.758	3.28642154	3
	0.001520	8.6990	2.37320399	2.3732	2.2662	3.7118	2.3463	-0.896	-0.400	-0.883	-1.088	-1.166	-1.209	-0.832	3.28643060	3
	0.001520	8.6990	2.37359190	2.3736	2.3154	3.7083	2.2832	-1.019	-0.506	-1.001	-1.212	-1.295	-1.340	-0.950	3.28644490	3
	0.001520	8.6990	2.37397957	2.3740	2.3645	3.7050	2.2209	-1.141	-0.610	-1.119	-1.336	-1.422	-1.470	-1.067	3.28645945	3
	0.001520	8.6990	2.37436700	2.3744	2.4133	3.7017	2.1592	-1.263	-0.715	-1.236	-1.459	-1.549	-1.599	-1.184	3.28647375	3
	0.001520	8.6990	2.37475419	2.3748	2.4614	3.6985	2.0983	-1.384	-0.817	-1.351	-1.580	-1.673	-1.726	-1.299	3.28648806	3
	0.001520	8.6990	2.37514091	2.3751	2.5092	3.6955	2.0386	-1.503	-0.919	-1.464	-1.699	-1.796	-1.851	-1.412	3.28650236	3
	0.001520	8.6990	2.37552738	2.3755	2.5566	3.6924	1.9788	-1.621	-1.019	-1.577	-1.818	-1.918	-1.976	-1.525	3.28651667	3
	0.001520	8.6990	2.37595415	2.3760	2.5992	3.6896	1.9250	-1.728	-1.108	-1.678	-1.924	-2.028	-2.088	-1.626	3.28653240	4
	0.001520	8.6990	2.37604642	2.3760	2.5929	3.6901	1.9333	-1.712	-1.095	-1.663	-1.909	-2.012	-2.071	-1.611	3.28653598	4
	0.001520	8.6990	2.37650657	2.3765	2.5585	3.6926	1.9778	-1.626	-1.025	-1.582	-1.822	-1.923	-1.980	-1.530	3.28655291	4
	0.001520	8.6990	2.37827468	2.3783	2.5101	3.6961	2.0404	-1.505	-0.925	-1.468	-1.702	-1.798	-1.852	-1.416	3.28661823	4
	0.001520	8.6990	2.38097143	2.3810	2.4608	3.6998	2.1050	-1.382	-0.823	-1.352	-1.579	-1.671	-1.722	-1.300	3.28671741	4
	0.001520	8.6990	2.38362622	2.3836	2.4109	3.7034	2.1701	-1.257	-0.718	-1.233	-1.453	-1.541	-1.589	-1.181	3.28681493	4
	0.001520	8.6990	2.38658643	2.3866	2.3550	3.7076	2.2431	-1.117	-0.601	-1.100	-1.312	-1.395	-1.441	-1.048	3.28692341	4
	0.001520	8.6990	2.38968182	2.3897	2.3005	3.7119	2.3153	-0.981	-0.487	-0.969	-1.174	-1.252	-1.295	-0.918	3.28703642	4
	0.001520	8.6990	2.39301348	2.3930	2.2530	3.7161	2.3802	-0.863	-0.389	-0.856	-1.053	-1.127	-1.166	-0.805	3.28715777	4
	0.001520	8.6990	2.39798474	2.3980	2.2118	3.7219	2.4458	-0.760	-0.313	-0.760	-0.946	-1.014	-1.050	-0.709	3.28733778	4
	0.001520	8.6990	2.40000010	2.4000	2.2009	3.7243	2.4664	-0.732	-0.296	-0.735	-0.917	-0.982	-1.017	-0.684	3.28741050	4
	0.001520	8.6990	2.40136909	2.4014	2.1934	3.7259	2.4806	-0.713	-0.284	-0.718	-0.897	-0.961	-0.994	-0.667	3.28745985	5
	0.001520	8.6990	2.40922999	2.4092	2.2525	3.7394	2.4768	-0.861	-0.491	-0.880	-1.035	-1.085	-1.109	-0.830	3.28774190	5
	0.001520	8.6990	2.41263103	2.4126	2.2908	3.7473	2.4707	-0.957	-0.619	-0.983	-1.124	-1.166	-1.185	-0.934	3.28786302	5
	0.001520	8.6990	2.41539717	2.4154	2.3123	3.7525	2.4705	-1.011	-0.694	-1.041	-1.173	-1.209	-1.225	-0.992	3.28796148	5
	0.001520	8.6990	2.41805863	2.4181	2.3282	3.7572	2.4742	-1.050	-0.752	-1.083	-1.206	-1.238	-1.252	-1.035	3.28805566	5
	0.001520	8.6990	2.41992831	2.4199	2.3373	3.7615	2.4826	-1.073	-0.790	-1.108	-1.224	-1.251	-1.262	-1.060	3.28812170	5
	0.001520	8.6990	2.42146111	2.4215	2.3444	3.7664	2.4954	-1.091	-0.826	-1.128	-1.236	-1.257	-1.267	-1.081	3.28817582	5
	0.001520	8.6990	2.42268777	2.4227	2.3498	3.7709	2.5082	-1.105	-0.856	-1.144	-1.243	-1.260	-1.268	-1.098	3.28821921	5
	0.001520	8.6990	2.42395496	2.4240	2.3549	3.7750	2.5197	-1.117	-0.884	-1.158	-1.250	-1.262	-1.268	-1.113	3.28826380	5
	0.001520	8.6990	2.42536211	2.4254	2.3604	3.7791	2.5307	-1.131	-0.914	-1.174	-1.257	-1.265	-1.269	-1.129	3.28831315	5
	0.001520	8.6990	2.42701006	2.4270	2.3664	3.7829	2.5404	-1.146	-0.945	-1.192	-1.267	-1.272	-1.274	-1.147	3.28837109	5
	0.001520	8.6990	2.42954469	2.4295	2.3749	3.7866	2.5471	-1.167	-0.983	-1.216	-1.283	-1.285	-1.286	-1.173	3.28845978	5
	0.001520	8.6990	2.44650888	2.4465	2.4265	3.7933	2.5252	-1.296	-1.142	-1.350	-1.403	-1.399	-1.398	-1.308	3.28904819	5
	0.001520	8.6990	2.46535158	2.4654	2.4822	3.8049	2.5194	-1.436	-1.326	-1.493	-1.523	-1.509	-1.505	-1.454	3.28968978	5
	0.001520	8.6990	2.46986103	2.4699	2.4945	3.8058	2.5114	-1.466	-1.360	-1.524	-1.552	-1.537	-1.533	-1.485	3.28984141	6
	0.001520	8.6990	2.48286939	2.4829	2.5273	3.8021	2.4662	-1.548	-1.432	-1.607	-1.641	-1.630	-1.627	-1.567	3.29027534	6
	0.001520	8.6990	2.49002433	2.4900	2.5424	3.7951	2.4241	-1.586	-1.445	-1.643	-1.692	-1.687	-1.686	-1.602	3.29051161	6
	0.001520	8.6990	2.49446273	2.4945	2.5513	3.7884	2.3894	-1.608	-1.441	-1.663	-1.724	-1.725	-1.726	-1.620	3.29065728	6
	0.001520	8.6990	2.49743390	2.4974	2.5570	3.7826	2.3609	-1.623	-1.429	-1.673	-1.746	-1.752	-1.756	-1.629	3.29075456	6
	0.001520	8.6990	2.49972606	2.4997	2.5589	3.7764	2.3345	-1.627	-1.408	-1.675	-1.761	-1.772	-1.778	-1.629	3.29082918	6
	0.001520	8.6990	2.50133729	2.5013	2.5586	3.7703	2.3107	-1.626	-1.384	-1.671	-1.770	-1.788	-1.796	-1.625	3.29088163	6
	0.001520	8.6990	2.50286055	2.5029	2.5572	3.7629	2.2827	-1.623	-1.353	-1.665	-1.776	-1.802	-1.814	-1.617	3.29093122	6
	0.001520	8.6990	2.50410271	2.5041	2.5533	3.7547	2.2543	-1.613	-1.312	-1.650	-1.777	-1.810	-1.826	-1.602	3.29097152	6
	0.001520	8.6990	2.50469184	2.5047	2.5486	3.7476	2.2307	-1.602	-1.273	-1.634	-1.773	-1.814	-1.834	-1.585	3.29099059	6
	0.001520	8.6990	2.50541329	2.5054	2.5411	3.7377	2.1984	-1.583	-1.212	-1.607	-1.764	-1.815	-1.841	-1.556	3.29101396	6
	0.001520	8.6990	2.50618768	2.5062	2.5327	3.7271	2.1647	-1.562	-1.144	-1.574	-1.751	-1.812	-1.845	-1.523	3.29103899	6
	0.001520	8.6990	2.50674486	2.5067	2.5238	3.7193	2.1427	-1.539	-1.084	-1.543	-1.733	-1.803	-1.841	-1.491	3.29105711	6
	0.001520	8.6990	2.50716519	2.5072	2.5236	3.7102	2.1066	-1.539	-1.037	-1.528	-1.736	-1.816	-1.860	-1.476	3.29107070	6
	0.001520	8.6990	2.50721836	2.5072	2.5285	3.7081	2.0932	-1.551	-1.038	-1.537	-1.748	-1.831	-1.876	-1.485	3.29107237	7
	0.001520	8.6990	2.50727606	2.5073	2.5583	3.7041	2.0475	-1.626	-1.091	-1.605	-1.823	-1.910	-1.959	-1.553	3.29107428	7
	0.001520	8.6990	2.50732708	2.5073	2.5966	3.7002	1.9935	-1.722	-1.166	-1.694	-1.920	-2.011	-2.063	-1.642	3.29107594	7
	0.001520	8.6990	2.50742579	2.5074	2.6432	3.6962	1.9307	-1.838	-1.257	-1.803	-2.037	-2.133	-2.187	-1.750	3.29107904	7
	0.001520	8.6990	2.50807166	2.5081	2.6197	3.6981	1.9622	-1.779	-1.211	-1.748	-1.978	-2.072	-2.125	-1.696	3.29110003	7
	0.001520	8.6990	2.50852180	2.5085	2.6749	3.6931	1.8869	-1.917	-1.317	-1.876	-2.116	-2.216	-2.273	-1.823	3.29111457	7
	0.001520	8.6990	2.50878692	2.5088	2.7093	3.6902	1.8408	-2.003	-1.385	-1.956	-2.202	-2.305	-2.365	-1.903	3.29112315	7
	0.001520	8.6990	2.50907278	2.5091	2.7445	3.6873	1.7943	-2.091	-1.453	-2.036	-2.288	-2.395	-2.457	-1.984	3.29113245	7
	0.001520	8.6990	2.50940943	2.5094	2.7820	3.6843	1.7448	-2.185	-1.526	-2.122	-2.380	-2.491	-2.555	-2.070	3.29114318	7
	0.001520	8.6990	2.50977206	2.5098	2.8214	3.6811	1.6927	-2.283	-1.601	-2.213	-2.477	-2.592	-2.659	-2.161	3.29115486	7
	0.001520	8.6990	2.51012516	2.5101	2.8615	3.6780	1.6402	-2.384	-1.678	-2.304	-2.576	-2.695	-2.764	-2.253	3.29116631	7
	0.001520	8.6990	2.51045895	2.5105	2.9022	3.6748	1.5867	-2.485	-1.755	-2.396	-2.675	-2.799	-2.870	-2.345	3.29117703	7
	0.001520	8.6990	2.51077104	2.5108	2.9433	3.6714	1.5323	-2.588	-1.831	-2.489	-2.776	-2.903	-2.978	-2.438	3.29118705	7
	0.001520	8.6990	2.51105905	2.5111	2.9847	3.6682	1.4778	-2.692	-1.908	-2.582	-2.877	-3.009	-3.085	-2.532	3.29119635	7
	0.001520	8.6990	2.51132202	2.5113	3.0265	3.6648	1.4227	-2.796	-1.984	-2.675	-2.978	-3.114	-3.194	-2.625	3.29120493	7
	0.001520	8.6990	2.51156116	2.5116	3.0684	3.6614	1.3673	-2.901	-2.060	-2.768	-3.079	-3.220	-3.302	-2.719	3.29121256	7
	0.001520	8.6990	2.51177764	2.5118	3.1102	3.6580	1.3118	-3.006	-2.134	-2.860	-3.179	-3.324	-3.410	-2.811	3.29121947	7
	0.001520	8.6990	2.51197410	2.5120	3.1516	3.6546	1.2569	-3.109	-2.206	-2.949	-3.276	-3.427	-3.516	-2.901	3.29122591	7
	0.001520	8.6990	2.51215434	2.5122	3.1927	3.6512	1.2023	-3.212	-2.278	-3.038	-3.374	-3.529	-3.621	-2.990	3.29123163	7
	0.001520	8.6990	2.51232076	2.5123	3.2338	3.6478	1.1475	-3.315	-2.347	-3.125	-3.470	-3.630	-3.725	-3.079	3.29123712	7
	0.001520	8.6990	2.51247501	2.5125	3.2751	3.6443	1.0923	-3.418	-2.415	-3.212	-3.565	-3.731	-3.829	-3.167	3.29124188	7
	0.001520	8.6990	2.51261806	2.5126	3.3164	3.6409	1.0371	-3.521	-2.483	-3.299	-3.661	-3.833	-3.934	-3.255	3.29124665	7
	0.001520	8.6990	2.51274991	2.5127	3.3577	3.6373	0.9818	-3.624	-2.546	-3.385	-3.757	-3.934	-4.039	-3.342	3.29125094	7
	0.001520	8.6990	2.51287174	2.5129	3.3987	3.6338	0.9266	-3.727	-2.602	-3.470	-3.854	-4.037	-4.145	-3.428	3.29125476	7
	0.001520	8.6990	2.51298475	2.5130	3.4396	3.6303	0.8717	-3.829	-2.657	-3.555	-3.951	-4.139	-4.250	-3.514	3.29125834	7
	0.001520	8.6990	2.51308990	2.5131	3.4804	3.6267	0.8167	-3.931	-2.710	-3.638	-4.046	-4.240	-4.355	-3.598	3.29126167	7
	0.001520	8.6990	2.51318860	2.5132	3.5212	3.6231	0.7615	-4.033	-2.760	-3.720	-4.140	-4.340	-4.458	-3.682	3.29126501	7
	0.001520	8.6990	2.51328063	2.5133	3.5610	3.6196	0.7079	-4.132	-2.810	-3.799	-4.231	-4.438	-4.559	-3.763	3.29126787	7
	0.001520	8.6990	2.51334620	2.5133	3.5870	3.6173	0.6725	-4.198	-2.839	-3.849	-4.290	-4.500	-4.625	-3.815	3.29127002	7
	0.001520	8.6990	2.51413059	2.5141	3.8812	3.5910	0.2730	-4.933	-3.143	-4.388	-4.932	-5.192	-5.347	-4.378	3.29129529	8
