# File generated by CMD 3.0 (http://stev.oapd.inaf.it/cmd) on Wed Jul 26 16:45:34 CEST 2017
# PARSEC isochrones, release v1.2S
# Basic references: Bressan et al. (2012), MNRAS, 427, 127 + Chen et al. (2014, 2015), MNRAS, 444, 2525 + MNRAS, 452, 1068 + Tang et al. (2014), MNRAS, 445, 4287
# Warning: you choose not to include the TP-AGB phase!
# Photometric system: Pan-STARRS1
# Using NBC version of bolometric corrections as in Chen et al. (2014), MNRAS, 444, 2525
# BCs of Carbon stars derive from Aringer et al. (2009, A&A 503, 913)
# O-rich circumstellar dust ignored
# C-rich circumstellar dust ignored
# IMF: Chabrier (2001) lognormal 
# On RGB, assumed Reimers mass loss with efficiency eta=0.2
# Kind of output: isochrone tables
#	Isochrone  Z = 0.00015	Y = 0.24900	[M/H] = -2.010	eta_R = 0.200	Age = 	5.0000e+09 yr
#      Z	log(age/yr)	M_ini   	M_act	logL/Lo	logTe	logG	mbol    gP1     rP1     iP1     zP1     yP1     wP1	int_IMF	stage
	0.000152	9.6990	0.09395929	0.0940	-3.0447	3.5143	5.4647	12.382	15.011	13.335	12.289	11.841	11.654	13.084	1.50956631	1
	0.000152	9.6990	0.09711228	0.0971	-2.9600	3.5255	5.4393	12.170	14.618	13.000	12.068	11.656	11.475	12.818	1.54176629	1
	0.000152	9.6990	0.10791858	0.1079	-2.6894	3.5614	5.3582	11.494	13.390	12.004	11.353	11.045	10.887	11.969	1.64477885	1
	0.000152	9.6990	0.12041616	0.1204	-2.5288	3.5770	5.3075	11.092	12.774	11.506	10.935	10.663	10.516	11.503	1.75117695	1
	0.000152	9.6990	0.12791857	0.1279	-2.4401	3.5856	5.2795	10.870	12.442	11.243	10.706	10.450	10.310	11.251	1.80957520	1
	0.000152	9.6990	0.14791857	0.1479	-2.2775	3.5979	5.2292	10.464	11.888	10.785	10.290	10.054	9.924	10.804	1.94781661	1
	0.000152	9.6990	0.14979830	0.1498	-2.2652	3.5987	5.2255	10.433	11.849	10.751	10.258	10.024	9.895	10.770	1.95967722	1
	0.000152	9.6990	0.17583714	0.1758	-2.1095	3.6085	5.1787	10.044	11.351	10.324	9.861	9.642	9.520	10.350	2.10752535	1
	0.000152	9.6990	0.21979643	0.2198	-1.8997	3.6202	5.1125	9.519	10.706	9.758	9.328	9.125	9.014	9.789	2.30255175	1
	0.000152	9.6990	0.26979643	0.2698	-1.7130	3.6302	5.0550	9.053	10.141	9.257	8.853	8.665	8.562	9.292	2.46790242	1
	0.000152	9.6990	0.34999999	0.3500	-1.4844	3.6436	4.9928	8.481	9.451	8.641	8.272	8.102	8.010	8.681	2.65552020	1
	0.000152	9.6990	0.40000001	0.4000	-1.3677	3.6519	4.9674	8.189	9.091	8.324	7.975	7.816	7.731	8.366	2.74133730	1
	0.000152	9.6990	0.44999999	0.4500	-1.2239	3.6652	4.9278	7.830	8.631	7.929	7.610	7.468	7.393	7.974	2.81098008	1
	0.000152	9.6990	0.50000000	0.5000	-1.0654	3.6811	4.8787	7.434	8.127	7.496	7.211	7.089	7.027	7.544	2.86847806	1
	0.000152	9.6990	0.53617674	0.5361	-0.9377	3.6939	4.8326	7.114	7.733	7.154	6.895	6.787	6.735	7.202	2.90414357	1
	0.000152	9.6990	0.55000001	0.5500	-0.8910	3.6986	4.8157	6.998	7.591	7.030	6.781	6.678	6.629	7.079	2.91663504	1
	0.000152	9.6990	0.60000002	0.5999	-0.7133	3.7202	4.7622	6.553	7.046	6.563	6.353	6.274	6.241	6.612	2.95739889	1
	0.000152	9.6990	0.62664771	0.6266	-0.6175	3.7331	4.7370	6.314	6.756	6.316	6.130	6.064	6.040	6.366	2.97668290	1
	0.000152	9.6990	0.64999998	0.6499	-0.5352	3.7443	4.7153	6.108	6.513	6.108	5.941	5.886	5.869	6.157	2.99236870	1
	0.000152	9.6990	0.67195266	0.6718	-0.4578	3.7549	4.6948	5.914	6.288	5.916	5.766	5.721	5.711	5.964	3.00615072	1
	0.000152	9.6990	0.69975585	0.6996	-0.3612	3.7679	4.6676	5.673	6.013	5.678	5.550	5.517	5.515	5.725	3.02240086	1
	0.000152	9.6990	0.69999999	0.6999	-0.3604	3.7680	4.6673	5.671	6.010	5.676	5.548	5.515	5.514	5.723	3.02253795	1
	0.000152	9.6990	0.70911187	0.7090	-0.3291	3.7720	4.6579	5.593	5.923	5.600	5.478	5.449	5.450	5.647	3.02759123	1
	0.000152	9.6990	0.72800541	0.7278	-0.2645	3.7802	4.6374	5.431	5.745	5.445	5.336	5.314	5.319	5.491	3.03767800	1
	0.000152	9.6990	0.74511886	0.7449	-0.2062	3.7874	4.6179	5.285	5.583	5.313	5.218	5.204	5.212	5.356	3.04638624	1
	0.000152	9.6990	0.75000000	0.7498	-0.1896	3.7894	4.6121	5.244	5.537	5.275	5.184	5.172	5.181	5.318	3.04879928	1
	0.000152	9.6990	0.75371164	0.7535	-0.1770	3.7908	4.6074	5.213	5.503	5.246	5.158	5.147	5.157	5.289	3.05061388	1
	0.000152	9.6990	0.77134931	0.7711	-0.1171	3.7976	4.5846	5.063	5.338	5.106	5.030	5.026	5.038	5.146	3.05900550	1
	0.000152	9.6990	0.78798902	0.7877	-0.0604	3.8039	4.5623	4.921	5.183	4.970	4.904	4.907	4.922	5.009	3.06658840	1
	0.000152	9.6990	0.80000001	0.7997	-0.0193	3.8084	4.5457	4.818	5.071	4.870	4.811	4.818	4.836	4.908	3.07187057	1
	0.000152	9.6990	0.80570185	0.8054	0.0001	3.8105	4.5380	4.770	5.018	4.822	4.767	4.776	4.795	4.861	3.07432246	1
	0.000152	9.6990	0.82159454	0.8213	0.0545	3.8165	4.5160	4.634	4.869	4.690	4.644	4.659	4.680	4.726	3.08097196	1
	0.000152	9.6990	0.83597124	0.8356	0.1041	3.8219	4.4953	4.510	4.734	4.568	4.531	4.551	4.575	4.604	3.08676434	1
	0.000152	9.6990	0.84974152	0.8494	0.1522	3.8269	4.4746	4.389	4.602	4.450	4.421	4.447	4.472	4.485	3.09212399	1
	0.000152	9.6990	0.85000002	0.8496	0.1531	3.8270	4.4742	4.387	4.600	4.447	4.419	4.445	4.470	4.482	3.09222293	1
	0.000152	9.6990	0.85073280	0.8503	0.1557	3.8273	4.4732	4.381	4.593	4.441	4.413	4.439	4.465	4.476	3.09250283	1
	0.000152	9.6990	0.86401260	0.8636	0.2027	3.8325	4.4538	4.263	4.463	4.325	4.306	4.338	4.365	4.359	3.09749389	1
	0.000152	9.6990	0.87579542	0.8753	0.2455	3.8372	4.4356	4.156	4.345	4.220	4.208	4.245	4.274	4.253	3.10179257	1
	0.000152	9.6990	0.88696909	0.8865	0.2874	3.8418	4.4174	4.051	4.229	4.116	4.113	4.154	4.185	4.148	3.10576081	1
	0.000152	9.6990	0.89999998	0.8994	0.3379	3.8472	4.3950	3.925	4.090	3.991	3.998	4.045	4.077	4.022	3.11026096	1
	0.000152	9.6990	0.90600461	0.9054	0.3613	3.8501	4.3858	3.867	4.024	3.934	3.945	3.995	4.028	3.964	3.11229014	1
	0.000152	9.6990	0.91839933	0.9178	0.4119	3.8563	4.3660	3.740	3.882	3.809	3.831	3.888	3.922	3.838	3.11639261	1
	0.000152	9.6990	0.92921180	0.9285	0.4579	3.8621	4.3482	3.625	3.753	3.696	3.729	3.792	3.827	3.723	3.11987996	1
	0.000152	9.6990	0.93941778	0.9387	0.5031	3.8678	4.3307	3.512	3.626	3.585	3.629	3.698	3.733	3.611	3.12309623	1
	0.000152	9.6990	0.94865060	0.9479	0.5458	3.8733	4.3141	3.406	3.506	3.481	3.535	3.610	3.645	3.505	3.12594461	1
	0.000152	9.6990	0.94999999	0.9492	0.5521	3.8741	4.3117	3.390	3.489	3.465	3.521	3.597	3.632	3.489	3.12635612	1
	0.000152	9.6990	0.95156491	0.9508	0.5593	3.8751	4.3093	3.372	3.468	3.448	3.505	3.582	3.618	3.471	3.12683201	1
	0.000152	9.6990	0.96179193	0.9609	0.6087	3.8817	4.2909	3.248	3.329	3.327	3.397	3.481	3.517	3.349	3.12990236	1
	0.000152	9.6990	0.97204083	0.9711	0.6607	3.8881	4.2689	3.118	3.184	3.201	3.284	3.374	3.409	3.220	3.13291287	1
	0.000152	9.6990	0.98205388	0.9810	0.7153	3.8937	4.2412	2.982	3.034	3.068	3.162	3.258	3.292	3.085	3.13579178	1
	0.000152	9.6990	0.99105263	0.9899	0.7692	3.8980	4.2083	2.847	2.889	2.936	3.039	3.139	3.172	2.951	3.13832831	1
	0.000152	9.6990	0.99194586	0.9908	0.7748	3.8983	4.2044	2.833	2.873	2.922	3.026	3.126	3.159	2.937	3.13857746	1
	0.000152	9.6990	0.99782276	0.9966	0.8176	3.8976	4.1614	2.726	2.764	2.812	2.917	3.016	3.048	2.828	3.14020586	1
	0.000152	9.6990	1.00000000	0.9988	0.8334	3.8972	4.1450	2.686	2.723	2.772	2.876	2.974	3.006	2.787	3.14080405	1
	0.000152	9.6990	1.00275695	1.0015	0.8535	3.8969	4.1246	2.636	2.671	2.720	2.824	2.922	2.954	2.735	3.14155769	2
	0.000152	9.6990	1.00621510	1.0049	0.8820	3.8947	4.0888	2.565	2.601	2.645	2.746	2.842	2.873	2.661	3.14249659	2
	0.000152	9.6990	1.01079941	1.0094	0.9246	3.8877	4.0204	2.459	2.500	2.529	2.618	2.708	2.738	2.546	3.14373064	2
	0.000152	9.6990	1.01403821	1.0126	0.9598	3.8775	3.9457	2.370	2.427	2.430	2.502	2.582	2.611	2.451	3.14459515	2
	0.000152	9.6990	1.01646996	1.0150	0.9908	3.8638	3.8608	2.293	2.373	2.341	2.390	2.455	2.483	2.365	3.14524055	2
	0.000152	9.6990	1.01789606	1.0164	1.0114	3.8522	3.7945	2.242	2.344	2.283	2.311	2.365	2.391	2.310	3.14561725	2
	0.000152	9.6990	1.01901364	1.0175	1.0288	3.8405	3.7306	2.198	2.325	2.233	2.241	2.283	2.307	2.263	3.14591193	2
	0.000152	9.6990	1.01979756	1.0183	1.0416	3.8306	3.6786	2.166	2.315	2.197	2.188	2.220	2.241	2.229	3.14611793	2
	0.000152	9.6990	1.02038324	1.0188	1.0513	3.8222	3.6356	2.142	2.310	2.170	2.146	2.171	2.189	2.203	3.14627194	2
	0.000152	9.6990	1.02100229	1.0194	1.0617	3.8122	3.5856	2.116	2.308	2.141	2.101	2.115	2.129	2.176	3.14643431	2
	0.000152	9.6990	1.02152717	1.0199	1.0700	3.8030	3.5404	2.095	2.310	2.119	2.063	2.068	2.078	2.155	3.14657164	2
	0.000152	9.6990	1.02203310	1.0204	1.0780	3.7934	3.4943	2.075	2.317	2.096	2.023	2.019	2.025	2.135	3.14670420	2
	0.000152	9.6990	1.02251613	1.0209	1.0855	3.7843	3.4508	2.056	2.328	2.074	1.984	1.971	1.973	2.115	3.14683032	2
	0.000152	9.6990	1.02297807	1.0213	1.0923	3.7760	3.4110	2.039	2.337	2.054	1.950	1.929	1.928	2.097	3.14695096	2
	0.000152	9.6990	1.02344489	1.0218	1.0996	3.7680	3.3719	2.021	2.340	2.034	1.917	1.888	1.883	2.079	3.14707279	2
	0.000152	9.6990	1.02393186	1.0222	1.1083	3.7608	3.3345	1.999	2.338	2.013	1.884	1.848	1.839	2.058	3.14719963	2
	0.000152	9.6990	1.02453268	1.0228	1.1219	3.7534	3.2913	1.965	2.327	1.980	1.839	1.795	1.781	2.025	3.14735627	2
	0.000152	9.6990	1.02495348	1.0232	1.1375	3.7493	3.2597	1.926	2.301	1.942	1.794	1.745	1.730	1.988	3.14746571	3
	0.000152	9.6990	1.02520347	1.0234	1.1505	3.7475	3.2397	1.894	2.274	1.910	1.759	1.709	1.692	1.956	3.14753056	3
	0.000152	9.6990	1.02598524	1.0242	1.1979	3.7430	3.1745	1.775	2.170	1.793	1.634	1.579	1.559	1.839	3.14773345	3
	0.000152	9.6990	1.02661622	1.0247	1.2429	3.7402	3.1183	1.663	2.067	1.682	1.518	1.460	1.438	1.728	3.14789701	3
	0.000152	9.6990	1.02714300	1.0252	1.2836	3.7381	3.0698	1.561	1.973	1.582	1.414	1.354	1.331	1.627	3.14803338	3
	0.000152	9.6990	1.02765858	1.0257	1.3257	3.7363	3.0206	1.456	1.874	1.478	1.307	1.245	1.221	1.523	3.14816666	3
	0.000152	9.6990	1.02814722	1.0261	1.3677	3.7346	2.9718	1.351	1.774	1.373	1.200	1.137	1.111	1.419	3.14829302	3
	0.000152	9.6990	1.02865982	1.0265	1.4145	3.7329	2.9185	1.234	1.663	1.257	1.082	1.017	0.989	1.303	3.14842534	3
	0.000152	9.6990	1.02909791	1.0269	1.4567	3.7314	2.8705	1.128	1.562	1.153	0.975	0.908	0.880	1.199	3.14853811	3
	0.000152	9.6990	1.02953732	1.0272	1.5015	3.7298	2.8194	1.016	1.455	1.042	0.861	0.793	0.764	1.088	3.14865136	3
	0.000152	9.6990	1.02994430	1.0275	1.5457	3.7283	2.7693	0.906	1.350	0.932	0.749	0.680	0.649	0.978	3.14875603	3
	0.000152	9.6990	1.03033733	1.0278	1.5914	3.7267	2.7175	0.791	1.241	0.819	0.634	0.562	0.531	0.865	3.14885712	3
	0.000152	9.6990	1.03067839	1.0280	1.6339	3.7252	2.6689	0.685	1.141	0.714	0.526	0.453	0.421	0.760	3.14894485	3
	0.000152	9.6990	1.03101516	1.0282	1.6790	3.7236	2.6176	0.573	1.034	0.603	0.412	0.338	0.304	0.649	3.14903140	3
	0.000152	9.6990	1.03131878	1.0284	1.7226	3.7221	2.5680	0.463	0.930	0.495	0.302	0.226	0.191	0.541	3.14910913	3
	0.000152	9.6990	1.03159022	1.0285	1.7644	3.7206	2.5201	0.359	0.831	0.393	0.197	0.119	0.083	0.438	3.14917874	3
	0.000152	9.6990	1.03185284	1.0286	1.8078	3.7189	2.4702	0.251	0.729	0.285	0.087	0.007	-0.030	0.331	3.14924598	3
	0.000152	9.6990	1.03209794	1.0286	1.8514	3.7174	2.4203	0.141	0.626	0.177	-0.024	-0.105	-0.143	0.223	3.14930892	3
	0.000152	9.6990	1.03232706	1.0286	1.8952	3.7157	2.3698	0.032	0.523	0.069	-0.135	-0.218	-0.257	0.115	3.14936757	3
	0.000152	9.6990	1.03252983	1.0286	1.9369	3.7141	2.3217	-0.072	0.426	-0.034	-0.241	-0.325	-0.366	0.012	3.14941931	3
	0.000152	9.6990	1.03272426	1.0286	1.9798	3.7125	2.2723	-0.179	0.326	-0.140	-0.350	-0.435	-0.477	-0.094	3.14946914	3
	0.000152	9.6990	1.03289938	1.0285	2.0215	3.7108	2.2239	-0.284	0.229	-0.243	-0.455	-0.543	-0.586	-0.197	3.14951396	3
	0.000152	9.6990	1.03305912	1.0284	2.0622	3.7091	2.1765	-0.385	0.135	-0.343	-0.558	-0.648	-0.692	-0.297	3.14955473	3
	0.000152	9.6990	1.03320706	1.0282	2.1029	3.7076	2.1295	-0.487	0.040	-0.443	-0.661	-0.752	-0.798	-0.397	3.14959264	3
	0.000152	9.6990	1.03334546	1.0281	2.1440	3.7058	2.0814	-0.590	-0.054	-0.543	-0.765	-0.858	-0.905	-0.497	3.14962792	3
	0.000152	9.6990	1.03347337	1.0279	2.1847	3.7041	2.0337	-0.692	-0.147	-0.643	-0.868	-0.963	-1.011	-0.597	3.14966059	3
	0.000152	9.6990	1.03359199	1.0276	2.2252	3.7025	1.9867	-0.793	-0.240	-0.742	-0.970	-1.067	-1.116	-0.696	3.14969087	3
	0.000152	9.6990	1.03370202	1.0273	2.2649	3.7008	1.9399	-0.892	-0.331	-0.839	-1.071	-1.170	-1.220	-0.794	3.14971900	3
	0.000152	9.6990	1.03380549	1.0270	2.3040	3.6991	1.8939	-0.990	-0.420	-0.935	-1.170	-1.271	-1.322	-0.889	3.14974546	3
	0.000152	9.6990	1.03390729	1.0266	2.3408	3.6976	1.8508	-1.082	-0.503	-1.025	-1.263	-1.365	-1.418	-0.979	3.14977121	3
	0.000152	9.6990	1.03404200	1.0260	2.3779	3.6960	1.8073	-1.175	-0.587	-1.115	-1.356	-1.461	-1.515	-1.069	3.14980578	3
	0.000152	9.6990	1.03414762	1.0256	2.3339	3.6982	1.8599	-1.065	-0.490	-1.009	-1.245	-1.347	-1.399	-0.963	3.14983273	3
	0.000152	9.6990	1.03416014	1.0255	2.3402	3.6980	1.8526	-1.081	-0.504	-1.024	-1.261	-1.363	-1.416	-0.978	3.14983582	3
	0.000152	9.6990	1.03424859	1.0251	2.3841	3.6960	1.8008	-1.190	-0.603	-1.131	-1.372	-1.476	-1.530	-1.085	3.14985847	3
	0.000152	9.6990	1.03433681	1.0246	2.4289	3.6940	1.7476	-1.302	-0.703	-1.240	-1.485	-1.592	-1.647	-1.194	3.14988089	3
	0.000152	9.6990	1.03441906	1.0241	2.4732	3.6920	1.6951	-1.413	-0.802	-1.348	-1.597	-1.706	-1.763	-1.302	3.14990187	3
	0.000152	9.6990	1.03449452	1.0235	2.5166	3.6900	1.6433	-1.522	-0.899	-1.453	-1.706	-1.818	-1.877	-1.407	3.14992094	3
	0.000152	9.6990	1.03456759	1.0228	2.5617	3.6879	1.5897	-1.634	-0.998	-1.562	-1.819	-1.933	-1.994	-1.516	3.14993954	3
	0.000152	9.6990	1.03463387	1.0221	2.6056	3.6858	1.5371	-1.744	-1.094	-1.667	-1.929	-2.046	-2.108	-1.621	3.14995646	3
	0.000152	9.6990	1.03469503	1.0212	2.6490	3.6837	1.4850	-1.852	-1.189	-1.771	-2.038	-2.157	-2.221	-1.726	3.14997220	3
	0.000152	9.6990	1.03475523	1.0203	2.6950	3.6815	1.4298	-1.967	-1.288	-1.882	-2.153	-2.275	-2.341	-1.836	3.14998746	3
	0.000152	9.6990	1.03480709	1.0193	2.7376	3.6794	1.3782	-2.074	-1.380	-1.983	-2.260	-2.384	-2.452	-1.938	3.15000057	3
	0.000152	9.6990	1.03485739	1.0182	2.7819	3.6771	1.3243	-2.185	-1.473	-2.088	-2.370	-2.498	-2.568	-2.043	3.15001345	3
	0.000152	9.6990	1.03490424	1.0169	2.8264	3.6749	1.2705	-2.296	-1.567	-2.194	-2.481	-2.612	-2.683	-2.149	3.15002537	3
	0.000152	9.6990	1.03494680	1.0155	2.8697	3.6725	1.2171	-2.404	-1.657	-2.296	-2.589	-2.722	-2.796	-2.250	3.15003633	3
	0.000152	9.6990	1.03498888	1.0140	2.9156	3.6701	1.1609	-2.519	-1.752	-2.404	-2.703	-2.840	-2.916	-2.359	3.15004683	3
	0.000152	9.6990	1.03503454	1.0119	2.9696	3.6672	1.0942	-2.654	-1.862	-2.530	-2.836	-2.977	-3.056	-2.485	3.15005851	3
	0.000152	9.6990	1.03507030	1.0099	3.0156	3.6646	1.0373	-2.769	-1.954	-2.636	-2.949	-3.094	-3.175	-2.592	3.15006757	3
	0.000152	9.6990	1.03510928	1.0072	3.0698	3.6616	0.9697	-2.904	-2.060	-2.763	-3.085	-3.234	-3.317	-2.719	3.15007758	3
	0.000152	9.6990	1.03514028	1.0047	3.1156	3.6589	0.9120	-3.019	-2.146	-2.869	-3.200	-3.353	-3.439	-2.826	3.15008545	3
	0.000152	9.6990	1.03517461	1.0012	3.1703	3.6557	0.8430	-3.156	-2.245	-2.995	-3.337	-3.495	-3.584	-2.952	3.15009427	3
	0.000152	9.6990	1.03520203	0.9978	3.2149	3.6529	0.7860	-3.267	-2.323	-3.097	-3.449	-3.611	-3.702	-3.055	3.15010118	3
	0.000152	9.6990	1.03521109	0.9966	3.2291	3.6521	0.7678	-3.303	-2.349	-3.130	-3.484	-3.648	-3.740	-3.088	3.15010357	4
	0.000152	9.6990	1.03521109	0.9966	1.8401	3.7656	2.6107	0.170	0.472	0.176	0.061	0.030	0.021	0.219	3.15010357	4
	0.000152	9.6990	1.03534448	0.9967	1.8545	3.7615	2.5801	0.134	0.449	0.142	0.019	-0.016	-0.027	0.184	3.15013742	4
	0.000152	9.6990	1.03549349	0.9967	1.8598	3.7602	2.5696	0.120	0.440	0.129	0.004	-0.032	-0.044	0.172	3.15017533	4
	0.000152	9.6990	1.03564465	0.9968	1.8629	3.7598	2.5650	0.113	0.434	0.121	-0.004	-0.041	-0.053	0.164	3.15021372	4
	0.000152	9.6990	1.03579450	0.9968	1.8654	3.7598	2.5626	0.107	0.427	0.115	-0.010	-0.047	-0.059	0.158	3.15025187	4
	0.000152	9.6990	1.03594971	0.9969	1.8675	3.7602	2.5622	0.101	0.421	0.110	-0.015	-0.051	-0.063	0.152	3.15029120	4
	0.000152	9.6990	1.03610480	0.9969	1.8691	3.7610	2.5636	0.097	0.414	0.105	-0.018	-0.053	-0.065	0.148	3.15033054	4
	0.000152	9.6990	1.03626060	0.9970	1.8704	3.7621	2.5666	0.094	0.407	0.102	-0.020	-0.054	-0.065	0.144	3.15037012	4
	0.000152	9.6990	1.03641534	0.9970	1.8714	3.7633	2.5706	0.091	0.400	0.098	-0.021	-0.054	-0.064	0.141	3.15040946	4
	0.000152	9.6990	1.03657043	0.9971	1.8724	3.7647	2.5751	0.089	0.393	0.095	-0.021	-0.053	-0.063	0.138	3.15044880	4
	0.000152	9.6990	1.03672898	0.9971	1.8734	3.7662	2.5800	0.086	0.385	0.092	-0.022	-0.052	-0.061	0.134	3.15048909	4
	0.000152	9.6990	1.03688574	0.9972	1.8744	3.7677	2.5852	0.084	0.378	0.089	-0.022	-0.051	-0.059	0.131	3.15052867	4
	0.000152	9.6990	1.03704309	0.9972	1.8754	3.7692	2.5900	0.081	0.370	0.086	-0.023	-0.050	-0.057	0.128	3.15056872	4
	0.000152	9.6990	1.03719878	0.9973	1.8765	3.7705	2.5944	0.079	0.363	0.083	-0.023	-0.049	-0.056	0.125	3.15060806	4
	0.000152	9.6990	1.03734827	0.9973	1.8775	3.7717	2.5980	0.076	0.356	0.080	-0.024	-0.048	-0.055	0.122	3.15064597	4
	0.000152	9.6990	1.03736722	0.9973	1.8777	3.7718	2.5985	0.076	0.355	0.079	-0.024	-0.048	-0.055	0.121	3.15065074	4
	0.000152	9.6990	1.03749633	0.9974	1.8786	3.7727	2.6011	0.073	0.350	0.077	-0.026	-0.049	-0.055	0.118	3.15068340	4
	0.000152	9.6990	1.03764868	0.9974	1.8799	3.7736	2.6033	0.070	0.344	0.073	-0.027	-0.049	-0.055	0.115	3.15072203	4
	0.000152	9.6990	1.03780246	0.9975	1.8812	3.7743	2.6048	0.067	0.338	0.070	-0.030	-0.051	-0.057	0.111	3.15076089	4
	0.000152	9.6990	1.03795707	0.9975	1.8828	3.7746	2.6044	0.063	0.333	0.065	-0.033	-0.054	-0.060	0.107	3.15079999	4
	0.000152	9.6990	1.03810370	0.9976	1.8845	3.7745	2.6024	0.059	0.329	0.061	-0.038	-0.059	-0.064	0.103	3.15083718	4
	0.000152	9.6990	1.03825569	0.9976	1.8865	3.7741	2.5990	0.054	0.325	0.056	-0.043	-0.065	-0.070	0.098	3.15087557	4
	0.000152	9.6990	1.03827155	0.9976	1.8867	3.7740	2.5985	0.053	0.325	0.056	-0.044	-0.065	-0.071	0.097	3.15087962	4
	0.000152	9.6990	1.03838313	0.9977	1.8882	3.7735	2.5950	0.050	0.323	0.052	-0.048	-0.070	-0.076	0.094	3.15090775	4
	0.000152	9.6990	1.03841054	0.9977	1.8886	3.7734	2.5939	0.049	0.322	0.051	-0.050	-0.072	-0.078	0.093	3.15091467	4
	0.000152	9.6990	1.03853869	0.9977	1.8906	3.7725	2.5883	0.043	0.320	0.046	-0.056	-0.079	-0.086	0.088	3.15094709	4
	0.000152	9.6990	1.03868639	0.9978	1.8934	3.7712	2.5803	0.037	0.318	0.040	-0.065	-0.090	-0.097	0.082	3.15098453	4
	0.000152	9.6990	1.03884637	0.9978	1.8965	3.7695	2.5706	0.029	0.315	0.033	-0.075	-0.102	-0.109	0.075	3.15102482	4
	0.000152	9.6990	1.03900027	0.9978	1.9000	3.7677	2.5598	0.020	0.312	0.025	-0.086	-0.115	-0.123	0.067	3.15106368	4
	0.000152	9.6990	1.03915608	0.9979	1.9041	3.7655	2.5470	0.010	0.310	0.015	-0.100	-0.130	-0.140	0.057	3.15110302	4
	0.000152	9.6990	1.03930509	0.9979	1.9085	3.7633	2.5338	-0.001	0.306	0.005	-0.113	-0.147	-0.157	0.048	3.15114069	4
	0.000152	9.6990	1.03945732	0.9980	1.9132	3.7610	2.5201	-0.013	0.302	-0.006	-0.128	-0.164	-0.176	0.037	3.15117908	4
	0.000152	9.6990	1.03960824	0.9980	1.9185	3.7589	2.5064	-0.026	0.296	-0.018	-0.144	-0.182	-0.195	0.025	3.15121698	4
	0.000152	9.6990	1.03975773	0.9980	1.9232	3.7571	2.4945	-0.038	0.290	-0.029	-0.158	-0.198	-0.212	0.014	3.15125465	4
	0.000152	9.6990	1.03991890	0.9980	1.9284	3.7550	2.4809	-0.051	0.284	-0.041	-0.174	-0.216	-0.231	0.002	3.15129542	4
	0.000152	9.6990	1.04006946	0.9981	1.9416	3.7502	2.4484	-0.084	0.268	-0.072	-0.214	-0.260	-0.278	-0.028	3.15133333	4
	0.000152	9.6990	1.04021776	0.9981	1.9665	3.7426	2.3929	-0.146	0.232	-0.131	-0.286	-0.340	-0.362	-0.087	3.15137053	4
	0.000152	9.6990	1.04030371	0.9981	1.9967	3.7354	2.3343	-0.222	0.183	-0.203	-0.370	-0.431	-0.458	-0.158	3.15139222	4
	0.000152	9.6990	1.04034007	0.9980	2.0298	3.7293	2.2767	-0.304	0.125	-0.282	-0.460	-0.528	-0.558	-0.236	3.15140152	4
	0.000152	9.6990	1.04035318	0.9980	2.0673	3.7241	2.2184	-0.398	0.052	-0.372	-0.559	-0.632	-0.666	-0.326	3.15140462	4
	0.000152	9.6990	1.04035616	0.9980	2.0857	3.7221	2.1919	-0.444	0.014	-0.416	-0.607	-0.682	-0.717	-0.370	3.15140557	7
	0.000152	9.6990	1.04035616	0.9980	2.0860	3.7221	2.1914	-0.445	0.013	-0.417	-0.608	-0.683	-0.718	-0.371	3.15140557	7
	0.000152	9.6990	1.04035842	0.9980	2.1110	3.7200	2.1579	-0.508	-0.041	-0.478	-0.672	-0.750	-0.787	-0.432	3.15140605	7
	0.000152	9.6990	1.04036105	0.9980	2.1478	3.7172	2.1100	-0.599	-0.120	-0.567	-0.767	-0.847	-0.886	-0.521	3.15140676	7
	0.000152	9.6990	1.04036367	0.9980	2.1840	3.7147	2.0640	-0.690	-0.199	-0.655	-0.859	-0.942	-0.983	-0.609	3.15140724	7
	0.000152	9.6990	1.04036629	0.9980	2.2163	3.7127	2.0235	-0.771	-0.271	-0.734	-0.942	-1.027	-1.069	-0.688	3.15140796	7
	0.000152	9.6990	1.04036987	0.9980	2.2309	3.7119	2.0058	-0.807	-0.304	-0.770	-0.979	-1.065	-1.108	-0.723	3.15140891	7
	0.000152	9.6990	1.04037869	0.9980	2.2095	3.7134	2.0333	-0.754	-0.257	-0.718	-0.924	-1.008	-1.050	-0.672	3.15141106	7
	0.000152	9.6990	1.04040039	0.9980	2.1965	3.7142	2.0492	-0.721	-0.228	-0.686	-0.891	-0.975	-1.016	-0.640	3.15141654	7
	0.000152	9.6990	1.04046309	0.9978	2.2202	3.7124	2.0183	-0.780	-0.279	-0.743	-0.952	-1.037	-1.079	-0.697	3.15143228	7
	0.000152	9.6990	1.04051650	0.9977	2.2658	3.7094	1.9610	-0.894	-0.379	-0.854	-1.069	-1.157	-1.201	-0.808	3.15144587	7
	0.000152	9.6990	1.04056442	0.9976	2.3186	3.7062	1.8953	-1.026	-0.495	-0.983	-1.203	-1.296	-1.342	-0.937	3.15145779	7
	0.000152	9.6990	1.04060900	0.9974	2.3655	3.7035	1.8375	-1.144	-0.598	-1.097	-1.322	-1.418	-1.467	-1.051	3.15146899	7
	0.000152	9.6990	1.04064918	0.9972	2.4090	3.7011	1.7841	-1.253	-0.694	-1.202	-1.433	-1.532	-1.582	-1.156	3.15147924	7
	0.000152	9.6990	1.04068458	0.9970	2.4519	3.6988	1.7318	-1.360	-0.789	-1.306	-1.542	-1.643	-1.695	-1.260	3.15148807	7
	0.000152	9.6990	1.04071605	0.9968	2.4937	3.6965	1.6808	-1.464	-0.880	-1.407	-1.647	-1.751	-1.805	-1.361	3.15149593	7
	0.000152	9.6990	1.04074395	0.9965	2.5351	3.6942	1.6304	-1.568	-0.970	-1.507	-1.752	-1.858	-1.914	-1.461	3.15150309	7
	0.000152	9.6990	1.04076874	0.9963	2.5758	3.6920	1.5807	-1.670	-1.059	-1.606	-1.854	-1.964	-2.021	-1.559	3.15150928	7
	0.000152	9.6990	1.04079139	0.9960	2.6174	3.6898	1.5301	-1.773	-1.150	-1.706	-1.959	-2.071	-2.130	-1.660	3.15151501	7
	0.000152	9.6990	1.04081178	0.9957	2.6584	3.6876	1.4800	-1.876	-1.238	-1.804	-2.062	-2.177	-2.238	-1.758	3.15152001	7
	0.000152	9.6990	1.04083097	0.9954	2.6995	3.6853	1.4296	-1.979	-1.325	-1.902	-2.165	-2.283	-2.346	-1.856	3.15152502	7
	0.000152	9.6990	1.04084909	0.9951	2.7403	3.6830	1.3796	-2.081	-1.411	-1.999	-2.267	-2.388	-2.453	-1.953	3.15152955	7
	0.000152	9.6990	1.04086649	0.9947	2.7812	3.6807	1.3294	-2.183	-1.497	-2.096	-2.370	-2.493	-2.560	-2.050	3.15153384	7
	0.000152	9.6990	1.04088295	0.9942	2.8232	3.6784	1.2777	-2.288	-1.584	-2.195	-2.475	-2.601	-2.670	-2.150	3.15153790	7
	0.000152	9.6990	1.04089773	0.9938	2.8629	3.6761	1.2288	-2.387	-1.666	-2.289	-2.573	-2.703	-2.774	-2.243	3.15154171	7
	0.000152	9.6990	1.04091251	0.9932	2.9027	3.6738	1.1794	-2.487	-1.748	-2.382	-2.672	-2.805	-2.878	-2.337	3.15154552	7
	0.000152	9.6990	1.04092658	0.9926	2.9431	3.6714	1.1293	-2.588	-1.829	-2.476	-2.773	-2.908	-2.983	-2.431	3.15154886	7
	0.000152	9.6990	1.04093921	0.9920	2.9844	3.6689	1.0778	-2.691	-1.912	-2.572	-2.875	-3.014	-3.091	-2.528	3.15155220	7
	0.000152	9.6990	1.04094958	0.9914	3.0265	3.6664	1.0252	-2.796	-1.995	-2.670	-2.979	-3.121	-3.201	-2.625	3.15155482	7
	0.000152	9.6990	1.04095840	0.9908	3.0674	3.6638	0.9739	-2.898	-2.073	-2.764	-3.081	-3.227	-3.308	-2.720	3.15155697	7
	0.000152	9.6990	1.04096782	0.9901	3.1102	3.6611	0.9200	-3.005	-2.152	-2.864	-3.189	-3.339	-3.422	-2.820	3.15155935	7
	0.000152	9.6990	1.04097474	0.9894	3.1538	3.6583	0.8649	-3.115	-2.230	-2.964	-3.298	-3.452	-3.539	-2.921	3.15156102	7
	0.000152	9.6990	1.04098177	0.9886	3.2489	3.6519	0.7437	-3.352	-2.393	-3.179	-3.535	-3.699	-3.792	-3.137	3.15156293	7
	0.000152	9.6990	1.04098260	0.9885	3.2702	3.6504	0.7165	-3.405	-2.428	-3.227	-3.588	-3.754	-3.848	-3.185	3.15156293	7
	0.000152	9.6990	1.04098260	0.9885	3.2702	3.6504	0.7165	-3.405	-2.428	-3.227	-3.588	-3.754	-3.848	-3.185	3.15156293	8
